date,1. open,2. high,3. low,4. close,5. volume
2020-03-27,134.13,141.83,133.68,138.58,5254451.0
2020-03-26,131.85,139.5753,130.22,138.66,5268585.0
2020-03-25,126.66,132.935,123.78,129.32,5737299.0
2020-03-24,125.75,132.0,125.131,129.15,5256994.0
2020-03-23,135.95,137.17,119.6,121.39,8974313.0
2020-03-20,125.88,130.0,121.62,123.81,6373806.0
2020-03-19,127.68,129.48,122.0,124.19,5746968.0
2020-03-18,124.2,130.445,121.07,128.14,4908264.0
2020-03-17,129.63,135.73,126.12,131.78,4852250.0
2020-03-16,129.94,136.25,123.53,127.64,4893670.0
2020-03-13,136.47,142.08,127.225,141.39,5744274.0
2020-03-12,129.85,135.6864,127.88,128.89,5854884.0
2020-03-11,141.51,142.08,137.37,139.37,4641990.0
2020-03-10,146.48,147.25,139.04,144.31,4064896.0
2020-03-09,140.5,143.555,138.14,141.59,4252757.0
2020-03-06,145.23,148.96,143.37,148.43,3156350.0
2020-03-05,152.98,153.115,147.41,149.47,4494182.0
2020-03-04,150.58,156.14,149.3,155.98,3463276.0
2020-03-03,151.84,155.93,146.09,147.54,3105432.0
2020-03-02,145.31,150.72,143.02,150.69,4682742.0
2020-02-28,142.16,146.8,141.22,144.58,7942813.0
2020-02-27,149.85,153.13,147.04,147.05,4237945.0
2020-02-26,151.41,155.51,150.5,152.19,3203060.0
2020-02-25,157.73,158.0,150.75,151.65,3187484.0
2020-02-24,155.3,159.11,155.3,156.82,2467146.0
2020-02-21,159.31,162.08,158.9301,161.88,1945795.0
2020-02-20,163.48,163.8,158.73,160.26,2428805.0
2020-02-19,164.44,164.8,162.69,163.91,2642379.0
2020-02-18,166.29,166.4,163.33,164.0,1916689.0
2020-02-14,163.43,165.96,163.02,165.95,1633778.0
2020-02-13,163.25,163.786,161.95,163.42,2734027.0
2020-02-12,163.56,164.87,163.18,163.83,1653431.0
2020-02-11,163.58,164.3,163.02,163.68,1651039.0
2020-02-10,162.36,163.67,161.38,162.99,1669763.0
2020-02-07,163.39,163.85,161.7,161.99,1661586.0
2020-02-06,163.68,165.12,162.5594,163.98,1844268.0
2020-02-05,163.78,164.21,162.065,162.89,1945964.0
2020-02-04,163.25,163.8,162.45,162.76,2616379.0
2020-02-03,162.0,163.12,160.515,161.0,2997519.0
2020-01-31,167.24,167.3,160.34,160.87,3746986.0
2020-01-30,165.0,169.19,163.5658,169.05,3834512.0
2020-01-29,164.57,166.18,163.36,165.22,1898182.0
2020-01-28,161.5,164.125,161.01,163.76,2105494.0
2020-01-27,160.65,161.87,159.61,161.2,2347619.0
2020-01-24,163.31,163.51,161.62,162.25,1970737.0
2020-01-23,163.62,164.03,162.205,162.48,2153326.0
2020-01-22,163.86,164.54,163.08,163.77,1882408.0
2020-01-21,162.91,164.17,162.6,163.71,2293122.0
2020-01-17,162.25,163.165,161.47,163.06,2542678.0
2020-01-16,161.65,161.96,160.45,161.51,2427034.0
2020-01-15,161.55,162.37,160.27,160.8,2660189.0
2020-01-14,159.86,161.99,159.36,161.39,3041105.0
2020-01-13,158.45,159.75,158.17,159.57,2273312.0
2020-01-10,158.24,158.58,157.37,158.12,1995484.0
2020-01-09,156.98,158.84,156.39,157.67,2104949.0
2020-01-08,157.3,157.74,156.27,156.29,2788122.0
2020-01-07,155.02,156.67,154.1,156.13,1987168.0
2020-01-06,153.45,154.76,153.26,154.61,2747987.0
2020-01-03,153.43,155.31,152.43,154.15,2329043.0
2020-01-02,153.96,155.24,153.13,155.11,2585100.0
2019-12-31,152.72,153.58,152.25,153.48,2194258.0
2019-12-30,152.94,152.98,152.15,152.84,2022631.0
2019-12-27,153.2,153.38,152.4,152.88,2592807.0
2019-12-26,152.87,153.33,152.52,152.82,1717171.0
2019-12-24,152.84,153.48,152.46,153.34,1548843.0
2019-12-23,153.71,153.85,152.445,153.24,16125821.0
2019-12-20,151.06,153.05,150.74,152.85,19635468.0
2019-12-19,150.93,154.0,149.17,150.44,35377503.0
2019-12-18,151.0,151.44,149.57,150.01,32595557.0
2019-12-17,151.73,152.28,150.07,150.77,26206055.0
2019-12-16,148.12,153.54,148.03,151.44,92051847.0
2019-12-13,151.18,152.06,148.28,148.52,64402583.0
2019-12-12,149.35,153.02,149.07,151.3,73815313.0
2019-12-11,149.4,150.47,148.19,149.67,41782005.0
2019-12-10,147.88,148.94,146.24,148.84,40696972.0
2019-12-09,148.47,149.31,147.27,147.53,34785215.0
2019-12-06,147.71,148.94,146.79,148.22,22419950.0
2019-12-05,146.94,147.3,145.51,147.19,15095732.0
2019-12-04,146.9,149.61,145.97,147.31,15413492.0
2019-12-03,144.53,146.99,144.11,146.69,9958819.0
2019-12-02,146.49,146.68,144.07,145.69,8350426.0
2019-11-29,146.66,147.0,145.21,145.98,1997850.0
2019-11-27,146.31,147.2,145.77,146.59,8756026.0
2019-11-26,145.0,146.4,144.74,145.98,8609833.0
2019-11-25,143.99,145.0,143.65,144.94,4891993.0
2019-11-22,143.59,143.85,142.46,143.32,4440869.0
2019-11-21,142.61,143.28,141.05,143.18,6931099.0
2019-11-20,143.07,143.82,142.44,142.96,6078451.0
2019-11-19,140.16,143.8,139.25,143.6,7167675.0
2019-11-18,142.6,143.075,140.11,140.23,5222339.0
2019-11-15,139.26,143.03,138.965,142.99,13746217.0
2019-11-14,136.84,137.1403,135.13,136.15,2158407.0
2019-11-13,135.29,137.7,134.46,137.05,4835217.0
2019-11-12,134.67,136.2864,134.53,135.54,1530844.0
2019-11-11,134.65,135.74,134.165,134.52,1086134.0
2019-11-08,134.71,135.62,134.365,135.23,1662408.0
2019-11-07,134.84,135.22,134.07,134.5,2543328.0
2019-11-06,133.87,135.05,133.35,134.86,2569769.0
2019-11-05,135.17,135.55,132.88,133.47,3160363.0
2019-11-04,137.56,137.99,135.2,135.22,2174517.0
2019-11-01,138.72,139.33,136.53,136.57,2298415.0
2019-10-31,138.2,138.7,136.66,137.82,2537405.0
2019-10-30,137.41,138.81,136.8,138.25,3171608.0
2019-10-29,135.84,138.71,135.78,137.27,2350372.0
2019-10-28,136.28,137.5124,136.02,136.21,1945457.0
2019-10-25,135.73,136.31,135.08,135.87,2363242.0
2019-10-24,137.68,138.33,135.69,136.44,2835344.0
2019-10-23,137.68,138.995,137.4,138.45,2422466.0
2019-10-22,138.35,139.73,136.97,137.08,1847572.0
2019-10-21,138.69,138.895,137.52,138.23,1422896.0
2019-10-18,137.43,138.58,137.01,138.01,1434323.0
2019-10-17,137.97,138.5,137.59,137.77,1042512.0
2019-10-16,137.2,138.48,136.91,137.39,2112877.0
2019-10-15,139.7,140.7,137.59,137.59,2095113.0
2019-10-14,139.83,140.0,138.42,138.8,1123686.0
2019-10-11,140.15,141.99,138.69,138.72,1951323.0
2019-10-10,136.56,139.42,136.19,138.76,1792783.0
2019-10-09,136.96,137.75,136.21,137.2,1654809.0
2019-10-08,138.39,138.65,134.42,135.62,2743858.0
2019-10-07,140.72,141.13,139.65,139.68,1839774.0
2019-10-04,139.36,141.73,139.21,141.65,1929309.0
2019-10-03,136.75,138.84,135.33,138.81,1932290.0
2019-10-02,140.53,141.08,136.47,137.11,2934459.0
2019-10-01,144.25,145.36,141.76,141.92,1689382.0
2019-09-30,142.23,145.15,141.83,144.43,2194959.0
2019-09-27,143.24,143.61,140.75,141.56,1666192.0
2019-09-26,144.86,144.98,141.74,142.76,1838612.0
2019-09-25,144.16,144.7,142.665,143.95,2090869.0
2019-09-24,145.37,146.19,143.065,144.55,3097703.0
2019-09-23,145.3,146.3399,144.21,144.6,1815500.0
2019-09-20,146.66,147.33,145.83,146.47,5122344.0
2019-09-19,144.0,146.93,143.9,145.75,2650512.0
2019-09-18,142.39,144.755,141.83,143.95,2625915.0
2019-09-17,140.65,142.7137,140.52,142.33,1844518.0
2019-09-16,140.33,141.65,139.57,140.65,2313156.0
2019-09-13,141.39,142.75,140.02,141.02,2151728.0
2019-09-12,140.36,142.15,140.11,141.74,2180695.0
2019-09-11,136.55,139.76,135.48,139.5,2860601.0
2019-09-10,138.29,138.36,133.84,136.59,3862257.0
2019-09-09,144.1,144.27,139.08,139.36,2026387.0
2019-09-06,143.59,144.93,143.115,144.33,1712107.0
2019-09-05,141.88,143.445,140.99,142.95,2231500.0
2019-09-04,140.48,142.0,139.44,140.26,1564698.0
2019-09-03,140.55,141.0,138.97,139.87,1920691.0
2019-08-30,142.82,143.38,141.22,142.09,1960340.0
2019-08-29,140.64,142.28,140.05,141.68,2204244.0
2019-08-28,137.43,139.79,137.25,139.49,1635853.0
2019-08-27,137.98,138.8,137.01,138.25,3026074.0
2019-08-26,136.38,136.95,134.97,136.4,1461719.0
2019-08-23,139.52,140.2,134.54,135.4,2258824.0
2019-08-22,140.75,141.55,138.77,139.56,1244641.0
2019-08-21,141.4,141.58,139.195,140.32,1458522.0
2019-08-20,141.91,142.5,140.0,140.07,1551946.0
2019-08-19,141.82,142.14,140.23,141.71,1604228.0
2019-08-16,138.57,140.55,137.88,140.35,1988740.0
2019-08-15,137.74,139.4,136.48,137.19,2248271.0
2019-08-14,139.13,140.24,136.29,136.36,2390816.0
2019-08-13,137.72,141.44,137.72,140.54,1697104.0
2019-08-12,139.56,140.72,138.03,138.41,1047600.0
2019-08-09,140.75,141.51,139.1854,140.31,1306768.0
2019-08-08,139.09,141.07,138.61,140.89,1869995.0
2019-08-07,136.29,138.675,134.5,138.2,2064570.0
2019-08-06,136.29,138.25,135.79,138.23,2984110.0
2019-08-05,137.17,137.96,134.11,135.7,2780310.0
2019-08-02,140.28,140.43,138.63,139.19,2021237.0
2019-08-01,140.84,142.36,139.135,140.22,2489784.0
2019-07-31,142.49,142.775,139.27,140.5,1986378.0
2019-07-30,141.98,143.08,141.46,142.7,2040916.0
2019-07-29,142.35,143.1867,141.64,142.68,1467994.0
2019-07-26,144.04,144.14,141.96,142.28,1567789.0
2019-07-25,142.6,143.71,141.78,143.21,1317585.0
2019-07-24,142.44,142.88,141.05,142.69,2946316.0
2019-07-23,141.86,142.86,141.51,142.51,3298358.0
2019-07-22,142.0,142.32,141.03,141.62,2391170.0
2019-07-19,143.5,143.7,141.43,141.61,3822195.0
2019-07-18,141.45,144.0,140.87,143.0,4990084.0
2019-07-17,140.39,141.32,139.43,139.65,2755316.0
2019-07-16,141.45,141.73,139.7,139.83,2178579.0
2019-07-15,140.38,141.36,139.53,141.11,2434173.0
2019-07-12,142.4,142.64,139.509,140.03,4283819.0
2019-07-11,143.19,143.23,141.96,142.71,2320107.0
2019-07-10,142.73,143.62,142.56,142.6,2352335.0
2019-07-09,143.08,143.31,142.1,142.29,2502017.0
2019-07-08,143.97,144.0,142.65,143.62,1954994.0
2019-07-05,144.57,145.5,143.11,144.45,1124728.0
2019-07-03,144.54,145.34,144.19,145.31,1453374.0
2019-07-02,144.41,144.51,143.0,144.14,1770896.0
2019-07-01,144.04,144.88,143.36,144.0,1519425.0
2019-06-28,141.98,143.11,140.73,142.92,3777817.0
2019-06-27,141.76,142.1,140.61,141.98,1616070.0
2019-06-26,142.01,142.49,139.83,140.91,2317379.0
2019-06-25,142.43,143.59,141.81,142.2,2333817.0
2019-06-24,143.63,144.085,142.12,142.15,2170594.0
2019-06-21,143.3,144.08,142.57,143.73,3016134.0
2019-06-20,143.93,144.57,142.63,143.65,2053704.0
2019-06-19,140.75,143.18,140.75,142.54,1923144.0
2019-06-18,140.46,141.5378,139.62,141.01,1830116.0
2019-06-17,139.99,140.23,138.65,139.35,2199785.0
2019-06-14,139.42,140.25,139.09,139.63,2297201.0
2019-06-13,139.1,139.46,138.365,139.42,1527493.0
2019-06-12,137.98,138.99,137.86,138.77,1825437.0
2019-06-11,138.72,139.475,136.2,137.91,1747240.0
2019-06-10,138.19,138.99,137.02,137.97,1755638.0
2019-06-07,135.78,137.85,135.23,137.52,2381496.0
2019-06-06,134.26,135.8,133.87,134.92,2141960.0
2019-06-05,133.69,134.82,132.725,134.2,3029726.0
2019-06-04,133.71,133.71,131.85,132.45,3339969.0
2019-06-03,132.2,133.82,131.21,131.92,2306716.0
2019-05-31,131.6,132.83,130.75,132.01,1991874.0
2019-05-30,130.26,132.58,130.12,132.44,1991463.0
2019-05-29,129.94,130.58,129.16,130.28,1803413.0
2019-05-28,132.64,134.11,129.89,130.13,3548163.0
2019-05-24,132.64,133.24,131.8,132.04,1789555.0
2019-05-23,130.75,131.72,130.22,131.63,1664561.0
2019-05-22,130.37,132.13,130.09,131.74,1923765.0
2019-05-21,131.3,132.1,130.2,130.21,2871397.0
2019-05-20,130.18,130.94,129.39,130.32,2548417.0
2019-05-17,130.86,132.89,130.86,131.1,2729460.0
2019-05-16,131.74,133.14,131.36,132.27,2303714.0
2019-05-15,129.72,131.538,128.98,131.05,1649274.0
2019-05-14,129.88,131.84,129.7488,130.75,1759497.0
2019-05-13,129.44,130.28,128.31,129.46,2323675.0
2019-05-10,130.96,132.27,128.92,131.68,1587625.0
2019-05-09,130.32,131.43,129.83,131.34,2184920.0
2019-05-08,130.84,132.97,130.38,131.72,2371199.0
2019-05-07,133.09,133.09,129.72,130.73,2261592.0
2019-05-06,132.16,134.06,132.11,133.79,2746013.0
2019-05-03,133.99,134.67,133.22,134.58,2315061.0
2019-05-02,131.74,133.56,131.22,133.51,1702546.0
2019-05-01,132.66,132.68,131.11,131.56,1811800.0
2019-04-30,131.71,132.75,130.73,132.44,2565053.0
2019-04-29,130.99,131.94,130.14,131.32,2343443.0
2019-04-26,130.96,131.41,129.785,130.93,1705870.0
2019-04-25,128.76,130.77,128.14,130.39,2165442.0
2019-04-24,127.76,129.88,127.28,129.3,2606964.0
2019-04-23,125.49,128.66,124.85,127.78,3482180.0
2019-04-22,125.53,127.57,125.0,126.87,2732297.0
2019-04-18,128.24,129.71,125.29,126.77,5793755.0
2019-04-17,129.11,129.79,124.01,124.88,5906323.0
2019-04-16,131.42,131.6975,127.82,128.18,3125756.0
2019-04-15,131.61,131.93,129.68,130.5,2447675.0
2019-04-12,131.65,132.52,131.02,131.63,2187534.0
2019-04-11,131.76,131.89,130.85,131.43,1451943.0
2019-04-10,131.94,132.45,131.3499,131.5,1634167.0
2019-04-09,131.23,132.53,131.03,131.83,2063425.0
2019-04-08,131.65,132.04,130.28,131.95,2123793.0
2019-04-05,130.82,131.77,130.43,131.59,2702981.0
2019-04-04,131.26,131.63,130.19,130.47,2266408.0
2019-04-03,132.07,132.07,130.85,130.97,2349105.0
2019-04-02,132.0,132.02,131.42,131.62,2069099.0
2019-04-01,133.15,134.5,131.31,131.82,2384440.0
2019-03-29,130.44,132.17,130.07,132.02,3211161.0
2019-03-28,130.0,130.22,129.02,129.84,1458140.0
2019-03-27,130.85,131.16,128.83,129.74,2945333.0
2019-03-26,130.69,132.05,130.42,131.08,1902359.0
2019-03-25,129.37,130.22,128.85,129.46,1750262.0
2019-03-22,131.53,132.5975,129.66,129.69,2943097.0
2019-03-21,128.79,132.425,128.79,132.29,3006233.0
2019-03-20,129.35,130.18,129.07,129.74,3179986.0
2019-03-19,128.53,129.94,128.39,129.86,3165156.0
2019-03-18,128.81,129.19,127.34,128.07,2853106.0
2019-03-15,128.13,129.42,128.03,128.69,5489373.0
2019-03-14,128.0,128.26,127.54,128.11,2280589.0
2019-03-13,127.75,128.95,127.5988,128.13,2156345.0
2019-03-12,126.59,127.8,126.41,127.44,2484958.0
2019-03-11,125.32,126.805,125.02,126.33,3282288.0
2019-03-08,123.74,125.145,123.5,125.04,2369099.0
2019-03-07,124.44,125.0,123.64,124.46,2840255.0
2019-03-06,125.01,125.27,123.77,124.64,3794162.0
2019-03-05,125.42,126.605,125.04,125.35,3358387.0
2019-03-04,127.79,128.39,124.85,125.89,4505786.0
2019-03-01,127.55,128.21,126.43,127.77,3628236.0
2019-02-28,126.11,127.84,125.8,127.02,6231298.0
2019-02-27,125.38,127.53,125.03,126.39,15512332.0
2019-02-26,122.43,123.41,121.31,123.21,6666047.0
2019-02-25,123.94,124.1,121.33,123.15,8804779.0
2019-02-22,112.55,113.63,112.3649,113.48,1855759.0
2019-02-21,111.83,112.47,111.3,112.43,1821677.0
2019-02-20,111.01,112.23,110.66,112.2,1703552.0
2019-02-19,111.35,111.82,110.9,111.32,2366048.0
2019-02-15,111.36,111.59,110.63,111.24,4048863.0
2019-02-14,110.97,111.09,110.29,110.36,2248017.0
2019-02-13,111.65,111.785,110.6,111.22,1962006.0
2019-02-12,110.5,111.5,109.97,111.37,1773348.0
2019-02-11,109.56,109.93,109.08,109.68,1649073.0
2019-02-08,107.92,109.36,107.56,109.25,1259450.0
2019-02-07,108.87,109.7,107.83,108.59,1706445.0
2019-02-06,109.28,109.93,109.06,109.66,1597704.0
2019-02-05,110.0,110.69,109.03,109.51,2569949.0
2019-02-04,109.2,109.59,108.53,109.59,1930562.0
2019-02-01,110.93,111.0,108.975,109.3,2588149.0
2019-01-31,108.64,111.1,108.08,110.92,2888439.0
2019-01-30,106.05,109.48,105.59,109.01,3522885.0
2019-01-29,106.19,107.8,104.5,105.27,3633184.0
2019-01-28,105.54,106.04,104.955,106.03,2100467.0
2019-01-25,106.78,107.65,105.94,106.33,2800475.0
2019-01-24,106.1,106.5,105.22,106.05,1660823.0
2019-01-23,106.23,106.97,104.9451,106.13,1899653.0
2019-01-22,106.83,106.8976,105.32,106.41,2683326.0
2019-01-18,106.41,107.69,106.03,107.45,3153024.0
2019-01-17,104.49,105.92,104.45,105.57,3092080.0
2019-01-16,105.29,105.75,104.16,104.49,2804499.0
2019-01-15,104.26,105.48,104.04,105.04,2071091.0
2019-01-14,104.36,104.975,103.98,104.09,1563359.0
2019-01-11,104.58,105.29,104.2,105.26,1547658.0
2019-01-10,104.04,105.43,103.21,105.36,1675366.0
2019-01-09,104.08,105.315,103.73,104.36,3015569.0
2019-01-08,101.73,103.48,101.46,103.43,3649173.0
2019-01-07,100.73,101.65,100.3,100.86,2356240.0
2019-01-04,98.6,101.37,98.6,100.45,2556696.0
2019-01-03,99.97,101.4864,96.44,97.62,3219146.0
2019-01-02,101.66,102.17,99.97,100.5,2397055.0
2018-12-31,102.15,103.64,102.15,103.12,1980341.0
2018-12-28,102.36,103.05,101.37,101.83,2506934.0
2018-12-27,98.54,101.5,97.9,101.5,2639267.0
2018-12-26,95.19,100.0,95.0,99.96,2741837.0
2018-12-24,98.0,98.265,94.59,94.85,3099166.0
2018-12-21,98.47,100.73,97.92,98.48,6292613.0
2018-12-20,99.83,100.37,97.6,98.36,5365146.0
2018-12-19,100.88,103.11,99.41,100.65,4260079.0
2018-12-18,100.88,101.2835,99.48,100.72,3535274.0
2018-12-17,99.97,101.45,99.24,100.37,4481791.0
2018-12-14,101.31,101.84,99.14,100.4,2569745.0
2018-12-13,102.67,104.0,101.84,102.5,2388432.0
2018-12-12,102.55,104.06,101.96,102.03,2715134.0
2018-12-11,102.97,103.55,100.6,101.32,1998936.0
2018-12-10,101.69,102.094,99.53,101.72,3088779.0
2018-12-07,104.66,105.4699,101.38,101.87,2443067.0
2018-12-06,104.81,105.53,102.41,104.86,3584267.0
2018-12-04,108.7,108.9,106.01,106.3,4189984.0
2018-12-03,110.5,110.86,108.325,108.64,4518287.0
2018-11-30,108.11,109.67,108.0,109.54,3278593.0
2018-11-29,106.37,108.76,106.15,107.94,2300400.0
2018-11-28,104.46,107.09,104.28,106.97,2180030.0
2018-11-27,102.95,104.02,102.44,104.0,1876929.0
2018-11-26,103.1,103.45,102.55,103.28,2023426.0
2018-11-23,101.9,103.0,101.9,102.41,920086.0
2018-11-21,102.26,103.77,101.92,102.94,2126628.0
2018-11-20,100.86,102.73,100.58,101.97,2773675.0
2018-11-19,103.26,103.41,100.63,101.3,2861320.0
2018-11-16,101.25,103.585,101.21,103.2,2767668.0
2018-11-15,100.08,101.67,98.71,101.65,2265150.0
2018-11-14,101.36,101.95,100.055,100.74,1889029.0
2018-11-13,101.89,102.85,100.3,100.49,1986358.0
2018-11-12,104.14,104.36,101.16,101.55,2338343.0
2018-11-09,104.41,104.62,103.25,104.39,2609901.0
2018-11-08,104.02,105.02,103.9475,104.75,1619427.0
2018-11-07,102.03,104.17,101.85,104.07,2059856.0
2018-11-06,101.61,102.23,100.52,101.22,2461598.0
2018-11-05,101.55,102.0169,101.025,101.76,2067630.0
2018-11-02,101.29,101.73,99.98,101.25,2601814.0
2018-11-01,99.39,100.77,98.75,100.52,2269916.0
2018-10-31,98.63,100.44,98.08,99.4,2865235.0
2018-10-30,97.14,98.375,96.4848,97.72,3178496.0
2018-10-29,98.32,98.84,95.44,96.85,3196071.0
2018-10-26,97.01,98.09,95.93,97.14,2730650.0
2018-10-25,96.54,99.17,96.0,98.29,3465688.0
2018-10-24,97.74,98.65,95.67,95.81,3315801.0
2018-10-23,97.36,97.97,95.63,97.42,3383815.0
2018-10-22,100.47,100.85,97.67,98.56,3649013.0
2018-10-19,101.2,102.0,99.8,100.39,4259964.0
2018-10-18,106.0,106.1,100.5,101.24,5531383.0
2018-10-17,104.63,105.51,103.84,104.96,3521506.0
2018-10-16,102.95,105.13,102.59,105.05,2347594.0
2018-10-15,102.9,103.04,101.84,101.99,2239738.0
2018-10-12,102.85,103.79,101.8,103.38,2901353.0
2018-10-11,103.56,104.0,100.5,101.27,3516989.0
2018-10-10,106.5,106.59,103.76,103.84,3385957.0
2018-10-09,105.8,107.12,105.47,106.73,3048553.0
2018-10-08,106.84,107.05,104.53,105.61,2100882.0
2018-10-05,107.2,107.61,105.87,106.98,1919212.0
2018-10-04,108.16,108.27,106.61,107.0,1874488.0
2018-10-03,109.55,110.13,108.38,108.53,2399654.0
2018-10-02,109.34,109.41,108.7875,108.96,1729265.0
2018-10-01,109.18,109.93,108.98,109.29,2003353.0
2018-09-28,108.18,108.84,108.0877,108.66,1952517.0
2018-09-27,108.85,109.23,107.935,108.18,2058921.0
2018-09-26,108.17,109.32,108.0,108.9,2003576.0
2018-09-25,107.95,108.21,107.62,108.02,1963402.0
2018-09-24,108.16,108.34,107.33,107.83,1959459.0
2018-09-21,108.09,108.59,108.02,108.08,4410951.0
2018-09-20,108.23,108.23,107.42,107.97,1797043.0
2018-09-19,107.0,108.0,106.775,107.51,2057454.0
2018-09-18,106.24,106.82,105.96,106.76,1857210.0
2018-09-17,106.65,106.65,105.66,105.97,2074918.0
2018-09-14,107.43,107.77,106.71,106.87,1364110.0
2018-09-13,105.93,107.54,105.9,107.42,2228165.0
2018-09-12,105.55,105.87,105.24,105.79,2656755.0
2018-09-11,105.17,105.445,104.34,105.25,1693195.0
2018-09-10,105.02,105.65,104.85,105.13,2076253.0
2018-09-07,104.49,104.88,104.26,104.66,1506137.0
2018-09-06,104.01,104.84,103.891,104.6,1809638.0
2018-09-05,103.4,104.02,102.81,104.01,1909454.0
2018-09-04,103.66,103.99,102.75,103.55,2241010.0
2018-08-31,102.94,103.68,102.69,103.54,2903600.0
2018-08-30,102.96,103.54,102.63,103.01,2002635.0
2018-08-29,102.81,103.82,102.5,103.66,1992370.0
2018-08-28,102.7,102.9314,102.3,102.7,1609595.0
2018-08-27,100.54,102.75,100.54,102.46,2560201.0
2018-08-24,99.94,100.405,99.81,100.15,3335238.0
2018-08-23,100.77,100.81,99.7,99.75,1630788.0
2018-08-22,100.54,100.865,99.85,100.69,1278150.0
2018-08-21,101.09,101.35,100.45,100.61,1907910.0
2018-08-20,100.79,101.095,100.515,100.58,1214822.0
2018-08-17,100.61,101.14,100.4,100.71,3012842.0
2018-08-16,100.52,101.18,100.115,100.48,1579722.0
2018-08-15,100.2,100.48,99.51,100.09,1777654.0
2018-08-14,99.96,101.09,99.85,100.79,1854479.0
2018-08-13,100.23,100.74,99.05,99.86,2216419.0
2018-08-10,101.41,101.41,99.84,100.33,1763721.0
2018-08-09,102.17,102.19,101.63,101.71,1279691.0
2018-08-08,102.14,102.29,101.5925,101.95,1376643.0
2018-08-07,102.46,102.61,101.95,102.26,2162860.0
2018-08-06,101.04,102.445,100.95,102.31,2503192.0
2018-08-03,101.46,101.6,100.875,101.37,2224209.0
2018-08-02,101.7,101.8475,100.73,101.45,2414830.0
2018-08-01,102.6,102.98,101.83,102.0,2150914.0
2018-07-31,102.32,103.105,101.8,102.58,3611055.0
2018-07-30,102.75,103.01,101.6,101.81,1744868.0
2018-07-27,103.86,104.04,102.66,102.75,2401924.0
2018-07-26,103.87,104.42,103.38,103.79,2470159.0
2018-07-25,103.54,104.01,102.83,103.54,3150622.0
2018-07-24,103.99,104.21,102.88,103.55,3320386.0
2018-07-23,101.4,103.43,101.01,103.14,3493972.0
2018-07-20,102.57,103.0,101.115,101.29,3924143.0
2018-07-19,106.0,106.08,102.71,103.2,5937130.0
2018-07-18,99.65,99.9,98.5,98.78,3188999.0
2018-07-17,98.21,99.85,97.91,99.58,4108910.0
2018-07-16,99.08,99.42,98.03,98.17,1953907.0
2018-07-13,99.87,100.08,98.49,99.2,2104198.0
2018-07-12,99.32,100.28,99.09,99.62,2356351.0
2018-07-11,99.33,99.61,98.5,98.57,1833961.0
2018-07-10,99.7,100.48,99.49,100.16,1761488.0
2018-07-09,99.6,99.92,99.04,99.5,3205747.0
2018-07-06,99.0,99.49,98.87,99.33,1906549.0
2018-07-05,99.08,99.45,98.245,98.86,2482961.0
2018-07-03,98.66,99.33,98.21,98.47,1244026.0
2018-07-02,98.18,98.26,97.4,98.13,2158822.0
2018-06-29,98.83,99.65,98.64,98.68,2351976.0
2018-06-28,97.97,98.94,97.09,98.62,2013759.0
2018-06-27,99.51,100.8,98.15,98.15,2745486.0
2018-06-26,99.09,99.55,98.595,99.12,2336909.0
2018-06-25,99.08,99.08,98.025,98.86,2856219.0
2018-06-22,98.76,99.95,98.23,99.3,2923973.0
2018-06-21,99.2,99.425,97.68,97.91,2809305.0
2018-06-20,100.27,100.62,98.92,99.14,2386770.0
2018-06-19,100.44,100.81,99.61,100.03,2738274.0
2018-06-18,101.57,101.85,100.7,101.27,1645322.0
2018-06-15,102.05,103.07,100.63,102.31,4509475.0
2018-06-14,103.0,103.405,102.31,102.64,2631750.0
2018-06-13,103.23,103.58,102.54,102.62,2068158.0
2018-06-12,103.44,104.13,102.93,103.16,2768012.0
2018-06-11,103.03,104.0,102.88,103.24,2062225.0
2018-06-08,102.76,103.2,102.49,103.0,1890722.0
2018-06-07,103.03,103.3179,102.12,102.5,2229514.0
2018-06-06,102.2,102.88,101.69,102.8,2751377.0
2018-06-05,102.02,102.7,101.65,102.09,1962696.0
2018-06-04,100.99,102.27,100.842,101.87,2218048.0
2018-06-01,100.1,100.92,99.8,100.59,2200593.0
2018-05-31,101.31,101.31,99.26,99.28,2575818.0
2018-05-30,101.03,101.68,100.79,101.25,1494845.0
2018-05-29,101.12,101.44,99.62,100.55,2875532.0
2018-05-25,102.35,103.02,101.84,102.13,1223408.0
2018-05-24,102.44,103.13,101.88,102.29,1310092.0
2018-05-23,101.16,102.35,101.12,102.32,2057831.0
2018-05-22,102.33,102.48,101.3,101.41,1367040.0
2018-05-21,101.72,102.86,101.63,102.24,2165596.0
2018-05-18,100.65,101.51,100.35,101.25,1753984.0
2018-05-17,100.7,101.26,100.38,100.78,1442935.0
2018-05-16,100.22,101.2,100.09,100.7,1390758.0
2018-05-15,101.45,101.84,99.86,100.24,2604866.0
2018-05-14,101.94,103.1397,101.84,102.67,2567922.0
2018-05-11,101.14,102.39,100.93,101.81,2111598.0
2018-05-10,100.0,101.44,99.74,101.17,1462562.0
2018-05-09,99.22,100.15,98.78,99.54,2053859.0
2018-05-08,99.5,99.65,98.9,99.18,2512458.0
2018-05-07,100.41,101.37,99.43,99.58,2636083.0
2018-05-04,98.68,100.48,97.87,100.2,2717294.0
2018-05-03,99.14,99.43,97.735,99.0,3142010.0
2018-05-02,100.57,100.85,99.26,99.56,1966383.0
2018-05-01,100.35,100.97,99.99,100.89,2347550.0
2018-04-30,101.7,101.82,100.22,100.32,2229809.0
2018-04-27,102.0,102.13,101.28,101.64,1497715.0
2018-04-26,100.72,102.41,100.49,101.78,1952226.0
2018-04-25,100.07,101.16,98.6,100.49,3112933.0
2018-04-24,101.22,101.64,99.21,100.1,2550991.0
2018-04-23,101.7,101.99,100.85,101.2,2184631.0
2018-04-20,101.37,102.221,100.36,101.34,3660098.0
2018-04-19,103.0,103.98,100.43,101.5,3388895.0
2018-04-18,102.03,102.65,101.64,102.4,2100845.0
2018-04-17,101.0,101.955,100.37,101.69,2563346.0
2018-04-16,100.14,100.93,100.01,100.42,1458332.0
2018-04-13,99.59,99.76,98.72,99.24,1344123.0
2018-04-12,99.14,99.68,98.96,99.0,1485433.0
2018-04-11,98.8,99.139,98.025,98.42,1764863.0
2018-04-10,98.81,100.54,98.81,99.52,2325495.0
2018-04-09,97.36,98.95,96.72,97.6,2019602.0
2018-04-06,98.53,99.02,95.77,96.66,1804079.0
2018-04-05,99.56,99.74,98.79,99.22,1624484.0
2018-04-04,96.85,99.26,96.16,99.06,2183069.0
2018-04-03,96.75,98.35,96.481,98.23,2172052.0
2018-04-02,97.62,97.81,95.02,96.1,2601255.0
2018-03-29,96.89,98.53,96.66,97.91,2275774.0
2018-03-28,97.49,97.97,96.35,96.52,2347561.0
2018-03-27,98.7,98.99,96.69,97.25,2027985.0
2018-03-26,97.15,98.35,96.47,98.16,3169868.0
2018-03-23,97.91,98.41,95.71,95.94,2389114.0
2018-03-22,99.08,99.87,97.22,97.49,1834034.0
2018-03-21,100.86,100.99,99.8,99.81,1928498.0
2018-03-20,100.31,100.86,100.005,100.56,2307447.0
2018-03-19,101.79,101.845,99.55,100.31,2067302.0
2018-03-16,102.51,102.665,101.89,101.93,2384539.0
2018-03-15,102.38,102.66,101.97,102.22,1286716.0
2018-03-14,102.98,103.48,101.85,102.18,1512933.0
2018-03-13,103.89,104.29,102.565,102.8,2026832.0
2018-03-12,103.92,104.29,102.86,103.4,2292182.0
2018-03-09,102.13,104.07,101.665,103.74,3448059.0
2018-03-08,101.04,101.66,100.66,101.61,2395843.0
2018-03-07,97.24,101.23,96.95,100.82,3872602.0
2018-03-06,97.73,97.77,96.89,97.75,1525899.0
2018-03-05,95.64,97.99,95.385,97.58,1701657.0
2018-03-02,95.52,96.42,94.91,96.22,2318770.0
2018-03-01,97.75,98.0,95.145,95.99,2299886.0
2018-02-28,99.8,100.2,97.76,97.78,2033922.0
2018-02-27,100.84,101.8,99.54,99.57,2524021.0
2018-02-26,99.52,101.49,99.25,100.83,3589206.0
2018-02-23,97.71,99.39,97.64,99.33,1600101.0
2018-02-22,97.88,98.44,97.06,97.36,1850957.0
2018-02-21,96.69,98.9,96.63,97.35,2158046.0
2018-02-20,97.15,97.74,96.58,96.85,2088084.0
2018-02-16,97.34,98.42,96.82,97.54,1855195.0
2018-02-15,96.99,97.78,96.38,97.47,1883192.0
2018-02-14,94.39,96.17,94.12,96.1,1500671.0
2018-02-13,94.73,95.45,94.04,94.98,1994248.0
2018-02-12,95.13,95.89,94.595,95.41,2234628.0
2018-02-09,93.3,95.28,91.841,94.46,3684046.0
2018-02-08,95.4,95.55,92.14,92.16,3426827.0
2018-02-07,96.38,96.97,94.75,95.25,5326275.0
2018-02-06,95.3,98.58,94.75,97.05,6617660.0
2018-02-05,101.45,101.85,96.29,96.7,4707249.0
2018-02-02,101.27,102.53,101.27,102.18,4545418.0
2018-02-01,100.92,102.1923,100.5,101.86,2287545.0
2018-01-31,101.91,102.57,100.853,101.28,3257002.0
2018-01-30,102.64,104.82,101.13,101.6,3866486.0
2018-01-29,103.61,104.22,103.3,103.69,2524374.0
2018-01-26,102.98,103.815,102.78,103.8,2375573.0
2018-01-25,101.75,103.01,101.43,102.7,2133055.0
2018-01-24,100.3,101.7,100.08,101.38,2206418.0
2018-01-23,100.17,100.37,99.69,99.95,2360232.0
2018-01-22,100.48,100.71,99.67,99.97,2072293.0
2018-01-19,100.2,100.88,100.04,100.56,2120486.0
2018-01-18,99.54,100.07,99.11,99.74,1233203.0
2018-01-17,100.05,100.175,99.08,99.59,2542440.0
2018-01-16,99.88,100.27,99.135,99.47,2226820.0
2018-01-12,98.64,99.66,98.63,99.39,1855378.0
2018-01-11,98.49,98.695,97.7805,98.59,2026097.0
2018-01-10,98.02,98.54,97.22,98.24,2464579.0
2018-01-09,96.52,98.88,96.52,98.61,4206611.0
2018-01-08,94.62,95.31,94.29,95.25,1807234.0
2018-01-05,94.51,94.99,94.34,94.71,1840479.0
2018-01-04,94.12,94.91,94.02,94.12,1952657.0
2018-01-03,92.24,93.91,92.215,93.67,2471766.0
2018-01-02,93.18,93.49,92.18,92.44,3543026.0
2017-12-29,93.92,94.03,92.8,92.82,1837217.0
2017-12-28,93.65,93.79,93.08,93.56,724909.0
2017-12-27,93.17,93.74,92.8,93.56,982037.0
2017-12-26,93.32,93.77,93.25,93.32,592785.0
2017-12-22,93.72,94.07,93.41,93.46,2611145.0
2017-12-21,94.9,95.005,93.77,93.82,2179741.0
2017-12-20,94.595,95.16,94.335,94.62,2945727.0
2017-12-19,94.57,94.74,94.05,94.38,1857551.0
2017-12-18,94.2,94.84,94.09,94.36,2909387.0
2017-12-15,93.65,94.34,93.23,94.0,4394775.0
2017-12-14,93.92,94.38,92.52,92.85,2839601.0
2017-12-13,93.8,94.36,93.605,94.15,2258948.0
2017-12-12,93.32,93.95,93.02,93.72,2123126.0
2017-12-11,93.08,93.27,92.59,93.21,1802908.0
2017-12-08,92.93,93.36,92.69,93.18,1457353.0
2017-12-07,92.53,93.17,92.04,92.68,1779319.0
2017-12-06,92.85,92.95,92.16,92.53,2035982.0
2017-12-05,93.18,93.23,92.57,92.74,2321784.0
2017-12-04,94.21,94.49,92.62,92.82,2686892.0
2017-12-01,94.49,94.53,92.82,93.82,2311138.0
2017-11-30,94.25,94.8199,93.84,94.36,2186240.0
2017-11-29,94.45,94.4597,93.44,93.94,1989761.0
2017-11-28,94.18,94.66,93.88,94.32,2614743.0
2017-11-27,94.19,94.28,93.83,94.05,1387283.0
2017-11-24,94.01,94.18,93.61,94.02,896604.0
2017-11-22,94.2,94.24,93.31,93.76,1580159.0
2017-11-21,94.0,94.22,93.75,94.18,1577715.0
2017-11-20,93.3,93.81,93.03,93.68,1281438.0
2017-11-17,93.12,93.64,92.8,93.3,1458185.0
2017-11-16,92.6,93.86,92.32,93.58,1492209.0
2017-11-15,93.07,93.13,92.42,92.42,1671373.0
2017-11-14,92.81,93.31,92.48,93.19,1709922.0
2017-11-13,92.15,93.38,91.84,93.33,1961662.0
2017-11-10,92.81,92.91,91.65,92.24,2312775.0
2017-11-09,93.22,93.27,92.19,92.98,2420815.0
2017-11-08,92.92,93.36,92.77,93.24,2001527.0
2017-11-07,92.74,93.29,92.59,93.2,1258680.0
2017-11-06,93.12,93.12,92.37,92.62,1802427.0
2017-11-03,92.58,93.16,92.22,93.13,1746910.0
2017-11-02,92.84,93.14,92.35,92.71,1930135.0
2017-11-01,92.37,93.13,92.09,92.91,2845053.0
2017-10-31,91.73,92.47,91.67,92.27,2254935.0
2017-10-30,91.97,92.2,91.5,91.81,2266810.0
2017-10-27,91.42,92.26,91.41,92.25,2760823.0
2017-10-26,90.7,91.63,90.34,91.46,2596601.0
2017-10-25,90.86,90.97,90.13,90.65,2145527.0
2017-10-24,90.83,91.23,90.21,90.95,3477976.0
2017-10-23,91.23,91.72,90.41,90.47,2903243.0
2017-10-20,90.05,91.33,90.05,90.79,3983454.0
2017-10-19,89.83,91.6399,89.0,90.1,8374272.0
2017-10-18,85.39,86.18,85.1,86.05,3360591.0
2017-10-17,85.45,85.95,83.81,85.26,4699117.0
2017-10-16,86.97,87.23,85.96,86.13,2791517.0
2017-10-13,86.83,87.105,86.62,86.84,2041075.0
2017-10-12,86.99,87.45,86.771,87.03,2009021.0
2017-10-11,87.2,87.49,86.93,86.96,1292861.0
2017-10-10,86.84,87.42,86.84,87.17,1874823.0
2017-10-09,87.64,87.7,86.7,87.03,2242110.0
2017-10-06,86.99,87.7,86.8764,87.63,1687635.0
2017-10-05,86.96,87.11,86.52,86.97,1507170.0
2017-10-04,86.25,87.05,86.25,86.88,1550280.0
2017-10-03,86.8,86.89,86.1,86.52,1188366.0
2017-10-02,86.0,86.83,85.86,86.52,1713086.0
2017-09-29,85.08,85.9,85.0,85.78,2317472.0
2017-09-28,85.28,85.53,84.63,85.04,2762945.0
2017-09-27,85.79,86.15,84.96,85.46,2458365.0
2017-09-26,85.86,86.05,85.15,85.46,2381797.0
2017-09-25,86.85,87.07,85.5,86.0,2145645.0
2017-09-22,86.47,86.89,86.11,86.78,1899904.0
2017-09-21,86.59,86.93,86.37,86.42,1847964.0
2017-09-20,87.03,87.13,86.12,86.46,3466822.0
2017-09-19,88.15,88.62,86.81,86.87,3038746.0
2017-09-18,88.39,88.59,88.02,88.11,1671080.0
2017-09-15,88.03,88.48,87.64,88.21,3453124.0
2017-09-14,87.1,88.48,86.98,88.45,3262778.0
2017-09-13,87.29,87.58,86.96,87.24,2435596.0
2017-09-12,87.07,87.3268,86.79,87.27,2155642.0
2017-09-11,86.76,87.28,86.74,87.07,2593052.0
2017-09-08,85.2,87.4,85.07,86.76,5127152.0
2017-09-07,84.28,85.26,83.99,85.1,3245561.0
2017-09-06,83.21,84.18,83.03,84.02,3374244.0
2017-09-05,83.19,83.43,82.81,83.06,1929402.0
2017-09-01,83.37,83.54,82.675,83.23,1606549.0
2017-08-31,82.43,83.59,82.26,83.42,2786683.0
2017-08-30,81.83,82.27,81.719,82.14,1940295.0
2017-08-29,81.8,82.205,81.72,81.99,1987974.0
2017-08-28,82.42,82.59,82.14,82.37,1699339.0
2017-08-25,82.11,82.36,81.92,82.16,2341173.0
2017-08-24,81.78,81.87,81.22,81.81,2030279.0
2017-08-23,82.24,82.37,81.53,81.82,1958217.0
2017-08-22,81.15,82.57,81.15,82.52,2266749.0
2017-08-21,80.89,81.51,80.8,81.08,2084668.0
2017-08-18,80.74,81.32,80.445,80.87,2853101.0
2017-08-17,81.54,81.79,80.91,80.91,2242610.0
2017-08-16,80.89,81.85,80.82,81.56,3146214.0
2017-08-15,80.62,80.88,80.33,80.56,1791279.0
2017-08-14,80.05,80.715,79.84,80.6,2345241.0
2017-08-11,79.25,80.17,79.1,79.82,2433944.0
2017-08-10,80.05,80.15,78.97,79.29,3641155.0
2017-08-09,80.29,80.68,80.02,80.23,2664235.0
2017-08-08,81.32,81.7,80.14,80.27,2946863.0
2017-08-07,80.99,81.485,80.76,81.43,1897390.0
2017-08-04,81.53,81.53,80.915,81.01,2423351.0
2017-08-03,81.34,81.57,80.98,81.28,2502716.0
2017-08-02,80.8,81.595,80.59,81.28,4389351.0
2017-08-01,80.99,81.485,80.76,81.42,2510648.0
2017-07-31,81.64,81.98,81.4,81.49,2161199.0
2017-07-28,81.19,81.58,80.675,81.43,2997337.0
2017-07-27,82.42,82.43,80.85,81.16,4937337.0
2017-07-26,82.1,82.32,81.63,82.01,2787793.0
2017-07-25,83.28,83.49,81.89,81.99,4839970.0
2017-07-24,82.97,84.05,82.97,83.03,3066797.0
2017-07-21,83.02,83.4,82.52,83.05,3591692.0
2017-07-20,82.06,84.2,81.5,83.2,9395400.0
2017-07-19,85.52,85.89,85.29,85.79,2895828.0
2017-07-18,85.36,85.64,84.93,85.48,2862519.0
2017-07-17,85.14,85.95,84.92,85.47,3507678.0
2017-07-14,84.32,85.29,83.91,85.0,2875523.0
2017-07-13,83.26,84.53,83.16,84.26,4125152.0
2017-07-12,83.67,83.87,83.26,83.49,2907812.0
2017-07-11,82.65,83.36,82.405,83.1,2586398.0
2017-07-10,83.11,83.24,82.49,82.56,2843871.0
2017-07-07,83.2,83.25,82.94,83.07,2793849.0
2017-07-06,83.7,83.72,82.68,82.93,2860884.0
2017-07-05,84.23,84.37,83.87,84.09,2556356.0
2017-07-03,84.78,85.0,84.26,84.26,1051920.0
2017-06-30,84.28,84.68,84.08,84.39,2731740.0
2017-06-29,84.7,84.87,83.92,84.03,2320953.0
2017-06-28,85.04,85.15,84.595,84.72,2313255.0
2017-06-27,85.33,85.495,84.62,84.62,1655530.0
2017-06-26,85.7,85.935,85.435,85.47,1782231.0
2017-06-23,85.97,86.0197,85.07,85.66,3834344.0
2017-06-22,86.43,86.74,85.94,85.96,2608224.0
2017-06-21,85.92,86.615,85.7,86.48,3236996.0
2017-06-20,85.29,86.12,85.14,85.68,2973750.0
2017-06-19,84.8,85.55,84.53,85.27,2258756.0
2017-06-16,84.61,85.02,84.255,84.48,4910955.0
2017-06-15,84.09,84.39,83.65,84.38,2482718.0
2017-06-14,84.36,84.77,84.12,84.46,2331896.0
2017-06-13,84.17,84.45,83.98,84.17,3252478.0
2017-06-12,84.56,84.925,83.82,84.07,2959143.0
2017-06-09,84.73,84.86,84.03,84.49,2527253.0
2017-06-08,85.31,85.5,84.201,84.56,2538189.0
2017-06-07,85.31,85.86,85.31,85.43,2687713.0
2017-06-06,86.27,86.39,85.7,85.73,2555917.0
2017-06-05,86.8,86.88,86.51,86.53,1670994.0
2017-06-02,86.12,87.0,86.08,86.84,2417103.0
2017-06-01,85.27,86.48,85.02,86.1,3329712.0
2017-05-31,85.0,85.48,84.91,84.94,3756902.0
2017-05-30,84.19,84.95,83.91,84.81,2426407.0
2017-05-26,84.31,84.52,84.045,84.4,1082803.0
2017-05-25,83.95,84.62,83.66,84.51,1954994.0
2017-05-24,84.4,84.4,83.81,83.96,2209685.0
2017-05-23,83.3,84.7,83.17,83.95,2786901.0
2017-05-22,82.14,83.1,82.05,82.91,3444835.0
2017-05-19,82.04,82.58,81.71,82.14,3106803.0
2017-05-18,81.75,82.24,81.36,81.78,2671304.0
2017-05-17,82.5,82.665,81.85,81.9,2119239.0
2017-05-16,83.23,83.5,82.49,83.01,2003777.0
2017-05-15,83.03,83.56,82.93,83.28,2718006.0
2017-05-12,82.62,83.09,82.56,82.84,2113011.0
2017-05-11,83.01,83.21,82.47,82.78,1966947.0
2017-05-10,83.1,83.46,82.78,83.21,1748962.0
2017-05-09,83.29,83.62,83.02,83.17,2447192.0
2017-05-08,83.89,83.9,83.39,83.39,3284716.0
2017-05-05,84.38,84.39,83.71,83.86,1623811.0
2017-05-04,82.78,84.14,82.78,84.08,2869123.0
2017-05-03,83.03,83.25,82.44,82.81,2217964.0
2017-05-02,83.4,83.68,82.94,83.0,3741933.0
2017-05-01,83.57,83.9,83.12,83.13,4232724.0
2017-04-28,82.92,83.495,82.87,83.33,4255620.0
2017-04-27,83.17,83.3,82.78,82.91,2743319.0
2017-04-26,83.66,84.0,82.82,82.98,4789993.0
2017-04-25,82.8,83.54,82.65,83.3,6172645.0
2017-04-24,82.65,83.2,82.12,82.46,5328644.0
2017-04-21,82.89,83.15,81.575,81.7,7637358.0
2017-04-20,85.5,85.7668,82.85,82.89,8816964.0
2017-04-19,86.88,86.99,86.135,86.44,2583421.0
2017-04-18,86.39,86.64,86.19,86.54,1875724.0
2017-04-17,85.93,86.72,85.81,86.7,1661306.0
2017-04-13,85.51,86.265,85.44,85.78,1975146.0
2017-04-12,86.41,86.41,85.58,85.75,1609731.0
2017-04-11,85.88,86.22,85.67,86.21,1277730.0
2017-04-10,86.18,86.36,85.89,86.11,1635635.0
2017-04-07,86.03,86.345,85.8,86.07,1341513.0
2017-04-06,85.6,86.2799,84.98,86.13,1997822.0
2017-04-05,85.58,86.59,85.39,85.77,2522133.0
2017-04-04,85.63,85.63,84.885,85.27,2563142.0
2017-04-03,85.66,85.945,85.08,85.48,2563353.0
2017-03-31,85.21,85.82,85.21,85.53,2174356.0
2017-03-30,85.67,86.02,85.41,85.72,2253199.0
2017-03-29,85.54,85.835,85.25,85.62,1641036.0
2017-03-28,85.77,86.055,85.3,85.89,3073049.0
2017-03-27,85.58,86.235,85.4,86.04,2097345.0
2017-03-24,86.34,86.88,85.61,86.01,3112519.0
2017-03-23,86.32,86.66,85.99,86.3,2195025.0
2017-03-22,86.41,86.56,85.82,86.32,1754540.0
2017-03-21,86.8,87.07,85.91,86.28,1825805.0
2017-03-20,86.79,86.89,86.34,86.47,1536652.0
2017-03-17,86.52,86.87,86.39,86.67,3107209.0
2017-03-16,87.3,87.47,85.99,86.4,2648226.0
2017-03-15,87.06,87.8,87.0,87.47,1781892.0
2017-03-14,87.28,87.28,86.44,86.86,1669827.0
2017-03-13,87.59,87.69,86.95,87.5,1632540.0
2017-03-10,87.54,88.01,87.335,87.76,2240952.0
2017-03-09,86.52,87.44,86.52,87.31,2310193.0
2017-03-08,86.03,86.8,85.89,86.62,1871880.0
2017-03-07,85.98,86.33,85.75,86.07,1588574.0
2017-03-06,86.19,86.485,85.635,86.09,2217865.0
2017-03-03,86.67,86.96,86.21,86.83,2193382.0
2017-03-02,86.98,87.0,86.45,86.62,1529068.0
2017-03-01,86.55,87.59,86.26,87.26,2560828.0
2017-02-28,85.87,86.06,85.43,85.55,2278488.0
2017-02-27,85.92,86.33,85.77,86.13,1740832.0
2017-02-24,85.32,86.08,85.01,86.08,1973365.0
2017-02-23,85.0,85.19,84.63,85.13,1787790.0
2017-02-22,84.64,84.92,84.5,84.8,2066548.0
2017-02-21,84.53,85.07,84.32,84.75,2307592.0
2017-02-17,84.07,84.255,83.68,84.05,2342219.0
2017-02-16,84.58,84.64,83.64,84.25,2485588.0
2017-02-15,83.75,84.69,83.64,84.61,2080955.0
2017-02-14,83.71,84.29,83.55,84.1,1326936.0
2017-02-13,84.02,84.28,83.81,84.19,1468059.0
2017-02-10,83.77,84.07,83.55,83.98,1338031.0
2017-02-09,83.01,84.0,82.91,83.76,2097355.0
2017-02-08,82.68,83.11,82.57,82.98,1699638.0
2017-02-07,83.0,83.3,82.76,83.08,1739594.0
2017-02-06,83.25,83.37,82.56,82.99,2064660.0
2017-02-03,83.84,83.96,83.325,83.69,1713853.0
2017-02-02,83.12,83.87,82.61,83.7,2380694.0
2017-02-01,84.55,84.74,82.85,83.54,4643245.0
2017-01-31,82.39,84.11,81.86,83.92,6236935.0
2017-01-30,81.31,81.34,79.73,80.36,2314067.0
2017-01-27,80.96,81.02,80.495,80.96,2277269.0
2017-01-26,80.86,81.02,80.55,80.79,1910307.0
2017-01-25,80.25,81.06,80.17,81.03,2236215.0
2017-01-24,80.01,80.445,78.97,80.03,3009201.0
2017-01-23,80.32,80.5,79.86,80.0,2455269.0
2017-01-20,80.84,80.91,80.12,80.53,2126537.0
2017-01-19,81.09,81.3,80.23,80.6,2930833.0
2017-01-18,81.5,81.6,81.0,81.19,2117993.0
2017-01-17,81.0,81.08,80.26,80.91,3215663.0
2017-01-13,81.28,81.59,81.08,81.36,2466024.0
2017-01-12,81.05,81.45,80.71,81.29,3596072.0
2017-01-11,81.01,81.77,80.64,81.35,2780043.0
2017-01-10,80.47,81.32,80.36,81.1,3497753.0
2017-01-09,80.4,80.69,80.2501,80.59,2317422.0
2017-01-06,79.99,80.715,79.73,80.43,2103601.0
2017-01-05,79.29,80.05,79.14,80.01,3389066.0
2017-01-04,78.73,79.78,78.65,79.28,3195411.0
2017-01-03,78.44,78.95,78.22,78.78,2841775.0
2016-12-30,78.56,78.56,77.66,77.84,2014534.0
2016-12-29,78.15,78.44,78.02,78.22,1297726.0
2016-12-28,78.58,78.87,78.055,78.13,1795006.0
2016-12-27,78.92,79.33,78.78,78.82,1208579.0
2016-12-23,78.39,79.02,78.31,78.95,1342176.0
2016-12-22,78.2,78.66,78.17,78.33,2055989.0
2016-12-21,78.53,78.895,78.32,78.36,2694539.0
2016-12-20,78.84,79.02,78.48,78.85,5482231.0
2016-12-19,79.14,79.67,78.41,78.61,2722757.0
2016-12-16,79.94,80.62,79.02,79.22,4613704.0
2016-12-15,78.6,79.93,78.48,79.73,4652291.0
2016-12-14,79.22,79.51,78.54,78.71,3764781.0
2016-12-13,78.17,79.55,78.16,79.24,5754974.0
2016-12-12,77.92,78.22,77.52,77.83,4794276.0
2016-12-09,77.92,78.1,77.45,78.1,2927079.0
2016-12-08,77.0,78.17,76.98,77.74,4265725.0
2016-12-07,77.3,77.49,76.27,76.97,4687950.0
2016-12-06,77.33,77.41,76.43,77.38,3465070.0
2016-12-05,77.71,77.8,77.01,77.11,2924790.0
2016-12-02,77.08,77.44,76.47,77.32,3344077.0
2016-12-01,78.13,78.32,76.91,77.02,3936665.0
2016-11-30,79.23,79.38,78.0,78.17,5574489.0
2016-11-29,79.03,79.34,78.75,79.13,1864121.0
2016-11-28,79.51,79.71,78.82,79.03,2368913.0
2016-11-25,79.46,79.94,79.31,79.56,955171.0
2016-11-23,78.22,79.21,78.17,79.16,1848627.0
2016-11-22,78.86,79.17,78.03,78.42,4022603.0
2016-11-21,79.26,79.62,78.41,79.22,4563954.0
2016-11-18,79.94,79.97,78.61,78.99,3304863.0
2016-11-17,80.27,80.45,79.93,79.97,2868854.0
2016-11-16,79.64,80.26,79.44,80.21,5199346.0
2016-11-15,80.53,80.65,79.36,79.63,4859510.0
2016-11-14,80.87,81.19,79.0,79.1,4662977.0
2016-11-11,80.9,81.3,80.28,80.94,3585459.0
2016-11-10,80.96,81.3,80.08,80.24,3879659.0
2016-11-09,78.94,80.54,78.28,80.23,4677368.0
2016-11-08,78.13,79.409,77.95,78.93,3940444.0
2016-11-07,77.72,78.41,77.71,78.2,3708306.0
2016-11-04,76.66,77.5,76.59,76.94,2597055.0
2016-11-03,76.96,77.3,76.39,76.54,2863389.0
2016-11-02,77.05,77.47,76.68,76.74,2771787.0
2016-11-01,78.71,78.72,76.82,77.03,4233086.0
2016-10-31,78.25,78.57,77.96,78.55,2616924.0
2016-10-28,78.32,78.98,77.82,78.19,2599861.0
2016-10-27,77.96,79.56,77.94,78.33,4207901.0
2016-10-26,78.53,78.53,77.51,77.74,3259708.0
2016-10-25,80.06,80.1,78.73,78.77,3513821.0
2016-10-24,80.72,81.245,80.05,80.29,3481173.0
2016-10-21,79.68,80.28,79.37,80.17,4569708.0
2016-10-20,78.23,80.94,77.637,80.18,6498338.0
2016-10-19,76.58,77.24,76.24,77.16,2914135.0
2016-10-18,76.24,76.63,76.06,76.43,1630365.0
2016-10-17,76.3,76.34,75.71,75.86,2197832.0
2016-10-14,76.76,76.8,76.04,76.16,3221072.0
2016-10-13,76.33,76.67,75.96,76.21,2791054.0
2016-10-12,76.55,77.53,76.55,76.78,3146169.0
2016-10-11,77.81,77.81,75.93,76.34,4283339.0
2016-10-10,78.4,78.78,78.07,78.22,1446262.0
2016-10-07,78.35,78.5,77.73,78.25,2614456.0
2016-10-06,77.74,78.42,77.56,78.32,2958882.0
2016-10-05,77.84,78.0,77.36,77.78,2090105.0
2016-10-04,78.28,78.33,77.43,77.66,1984522.0
2016-10-03,77.96,78.42,77.81,77.99,2662795.0
2016-09-30,77.45,78.71,77.42,78.39,3397173.0
2016-09-29,77.47,77.61,76.83,77.13,3287842.0
2016-09-28,77.37,77.67,77.12,77.62,2047380.0
2016-09-27,76.68,77.71,76.41,77.63,3163295.0
2016-09-26,77.46,77.46,76.4075,76.6,3196345.0
2016-09-23,77.45,77.83,77.34,77.59,2796870.0
2016-09-22,78.03,78.11,77.52,77.67,2494325.0
2016-09-21,76.92,77.54,76.635,77.45,2785221.0
2016-09-20,77.28,77.28,76.58,76.72,2490325.0
2016-09-19,76.66,77.35,76.63,76.81,2664675.0
2016-09-16,77.08,77.17,76.32,76.57,8103652.0
2016-09-15,76.62,77.26,76.23,76.8,4506541.0
2016-09-14,76.8,76.975,76.15,76.45,3652318.0
2016-09-13,77.9,77.93,76.86,76.86,3710712.0
2016-09-12,76.78,78.4,76.59,78.21,4003488.0
2016-09-09,78.55,78.55,77.01,77.02,3914827.0
2016-09-08,79.15,79.27,78.74,79.0,3085250.0
2016-09-07,79.37,79.778,79.18,79.35,3844479.0
2016-09-06,80.99,81.22,79.14,79.5,6146997.0
2016-09-02,81.81,81.85,80.68,81.19,2390000.0
2016-09-01,81.55,81.85,81.26,81.44,2336583.0
2016-08-31,81.2,81.67,81.01,81.41,3634917.0
2016-08-30,82.64,82.64,81.12,81.2,1563836.0
2016-08-29,81.19,82.08,81.19,81.84,2527394.0
2016-08-26,80.76,81.465,80.685,81.2,1990163.0
2016-08-25,80.42,80.68,80.32,80.52,1766400.0
2016-08-24,80.98,81.1,80.47,80.61,2173623.0
2016-08-23,81.16,81.33,80.84,81.03,2205013.0
2016-08-22,80.79,80.98,80.53,80.93,1875081.0
2016-08-19,80.41,80.79,80.15,80.74,2134186.0
2016-08-18,80.91,80.99,79.86,80.56,2644714.0
2016-08-17,80.82,81.05,80.52,81.02,1606048.0
2016-08-16,81.2,81.2,80.56,80.7,2074136.0
2016-08-15,81.73,81.79,81.15,81.23,2926567.0
2016-08-12,81.36,81.52,81.1099,81.39,1203183.0
2016-08-11,81.29,81.76,81.25,81.54,1649104.0
2016-08-10,81.26,81.33,80.95,81.22,2737848.0
2016-08-09,81.5,81.65,81.07,81.2,1593124.0
2016-08-08,81.66,81.7,81.2,81.28,1634579.0
2016-08-05,81.26,81.62,81.14,81.5,2056144.0
2016-08-04,81.0,81.34,80.8,81.12,1934805.0
2016-08-03,81.11,81.28,80.68,80.98,1917367.0
2016-08-02,81.26,81.53,80.59,80.93,2299999.0
2016-08-01,81.24,81.885,81.18,81.5,3062479.0
2016-07-29,81.32,81.76,81.19,81.44,3428528.0
2016-07-28,81.1,81.35,80.74,81.18,2755724.0
2016-07-27,81.22,81.42,80.67,80.85,3052899.0
2016-07-26,81.27,81.35,80.94,81.12,3342565.0
2016-07-25,82.14,82.185,80.571,81.29,3919087.0
2016-07-22,81.4,81.4631,80.66,81.24,3100062.0
2016-07-21,81.39,81.74,81.08,81.29,3560030.0
2016-07-20,81.28,81.6,81.105,81.39,2329981.0
2016-07-19,80.75,81.01,80.57,80.88,2845248.0
2016-07-18,81.02,81.58,80.54,80.94,2341632.0
2016-07-15,81.31,81.7,80.75,80.92,2945984.0
2016-07-14,81.72,81.7972,80.66,80.88,2916225.0
2016-07-13,80.71,81.27,80.5,81.04,3008812.0
2016-07-12,80.25,80.79,80.25,80.34,3709196.0
2016-07-11,81.08,81.14,80.01,80.08,5613809.0
2016-07-08,81.0,81.28,80.49,80.86,5096238.0
2016-07-07,81.09,81.26,80.04,80.7,4150913.0
2016-07-06,80.25,81.05,79.73,80.62,9547345.0
2016-07-05,77.42,80.4,77.34,80.4,15636863.0
2016-07-01,101.34,102.79,101.02,102.33,4171045.0
2016-06-30,100.22,101.0,100.18,101.0,4369150.0
2016-06-29,98.69,100.3297,98.69,100.11,3013804.0
2016-06-28,97.74,98.19,96.98,98.12,3392987.0
2016-06-27,97.52,98.29,96.84,97.32,5037271.0
2016-06-24,97.65,100.01,97.65,98.21,7889374.0
2016-06-23,99.89,100.44,99.542,100.44,2343924.0
2016-06-22,99.25,99.59,98.93,99.04,1788951.0
2016-06-21,99.14,99.29,98.71,99.03,1650639.0
2016-06-20,98.98,99.62,98.72,98.74,2625897.0
2016-06-17,99.0,99.13,97.64,97.76,5320649.0
2016-06-16,97.82,99.2601,97.66,99.07,2062093.0
2016-06-15,98.93,98.99,98.19,98.21,2132579.0
2016-06-14,97.93,98.84,97.5,98.66,1949638.0
2016-06-13,99.07,99.58,98.06,98.09,2315330.0
2016-06-10,99.67,99.87,99.14,99.31,1717553.0
2016-06-09,99.96,100.49,99.75,100.39,1780529.0
2016-06-08,99.26,100.3,99.25,100.16,2280302.0
2016-06-07,99.18,99.89,99.03,99.45,1889786.0
2016-06-06,98.3,99.32,98.3,99.03,2336898.0
2016-06-03,98.18,98.424,97.66,98.29,2297908.0
2016-06-02,98.08,98.72,97.82,98.64,1643777.0
2016-06-01,97.77,98.9,97.68,98.64,2598988.0
2016-05-31,98.53,98.69,97.801,98.37,5389387.0
2016-05-27,99.29,99.4,98.81,98.91,2391259.0
2016-05-26,99.7,99.96,99.01,99.2,1583011.0
2016-05-25,99.89,100.5,99.57,99.66,2071882.0
2016-05-24,98.99,100.31,98.7,99.97,3096787.0
2016-05-23,98.32,99.05,98.0,98.84,1903223.0
2016-05-20,98.44,99.4,98.06,98.75,2386609.0
2016-05-19,97.76,98.18,97.03,97.97,2841949.0
2016-05-18,98.21,98.665,97.62,98.33,2140597.0
2016-05-17,98.69,99.09,98.08,98.44,1895723.0
2016-05-16,97.71,98.9201,97.275,98.65,2387699.0
2016-05-13,97.99,98.47,97.08,97.37,2406603.0
2016-05-12,98.04,98.36,97.38,98.12,1866406.0
2016-05-11,98.29,98.78,97.78,97.91,1908891.0
2016-05-10,97.49,98.34,97.2,98.32,1896572.0
2016-05-09,97.0,97.38,96.595,97.06,1355474.0
2016-05-06,96.07,97.19,95.78,97.11,2184470.0
2016-05-05,96.37,96.55,95.78,96.11,2145423.0
2016-05-04,95.7,96.62,95.42,95.91,2876207.0
2016-05-03,96.72,97.1,96.4,96.88,2098786.0
2016-05-02,96.73,97.58,96.39,97.39,2268939.0
2016-04-29,95.88,97.0,95.8,96.75,2871090.0
2016-04-28,96.6,97.52,96.15,96.35,2395024.0
2016-04-27,96.5,97.32,96.14,97.19,2645549.0
2016-04-26,96.33,96.62,95.93,96.36,1869784.0
2016-04-25,96.21,96.58,95.82,96.45,2132085.0
2016-04-22,95.5,96.7,95.49,96.42,2456499.0
2016-04-21,95.56,97.46,94.95,95.99,3739843.0
2016-04-20,94.67,95.25,94.22,94.92,2681216.0
2016-04-19,94.68,94.94,94.46,94.83,2010950.0
2016-04-18,94.18,94.61,94.01,94.36,1827837.0
2016-04-15,94.15,94.37,93.7901,94.12,1469423.0
2016-04-14,94.63,94.82,94.03,94.05,1712011.0
2016-04-13,93.84,94.37,93.58,94.25,1784700.0
2016-04-12,92.93,93.73,92.74,93.48,1474248.0
2016-04-11,93.23,93.63,92.66,92.68,1893631.0
2016-04-08,93.74,94.2,92.99,93.19,1514241.0
2016-04-07,93.0,93.5,92.45,93.28,2517149.0
2016-04-06,93.09,93.89,92.8331,93.84,2570350.0
2016-04-05,93.0501,93.45,92.85,93.27,2064348.0
2016-04-04,95.63,95.63,95.63,95.63,2909824.0
2016-04-01,94.345,95.79,93.76,95.63,2016463.0
2016-03-31,95.16,95.195,94.635,94.86,2163218.0
2016-03-30,95.63,95.89,94.94,95.03,2430213.0
2016-03-29,94.94,95.48,94.4,95.26,2023117.0
2016-03-28,94.76,95.24,94.5209,94.98,2019384.0
2016-03-24,94.42,94.84,94.12,94.78,2987521.0
2016-03-23,94.96,95.0,94.3998,94.84,1939742.0
2016-03-22,93.8,95.16,93.65,94.93,2676285.0
2016-03-21,95.0,95.27,94.32,94.87,2202795.0
2016-03-18,94.02,95.29,93.54,95.29,7329053.0
2016-03-17,91.4,93.83,91.24,93.55,4312651.0
2016-03-16,91.65,91.71,90.84,91.29,2364653.0
2016-03-15,91.24,92.16,91.1,91.71,2689806.0
2016-03-14,90.56,91.8,90.05,91.48,2769535.0
2016-03-11,90.17,90.89,89.82,90.61,2866050.0
2016-03-10,89.17,89.57,88.32,89.21,2816902.0
2016-03-09,89.43,89.44,88.3,88.47,2630987.0
2016-03-08,89.86,90.045,88.79,88.95,2980912.0
2016-03-07,90.23,90.54,89.9,90.24,3354745.0
2016-03-04,90.98,91.49,90.25,90.71,3447260.0
2016-03-03,90.86,91.14,90.27,90.83,2628478.0
2016-03-02,90.37,91.58,90.14,90.49,3349357.0
2016-03-01,89.87,90.78,89.64,90.6,3928922.0
2016-02-29,88.86,89.88,88.62,89.27,4393163.0
2016-02-26,88.55,89.27,88.3,89.07,3108398.0
2016-02-25,87.2,88.28,86.92,88.26,2124815.0
2016-02-24,86.84,87.515,86.32,87.2,2746358.0
2016-02-23,87.33,87.89,86.77,87.32,1822143.0
2016-02-22,87.5,88.08,87.35,87.75,2277110.0
2016-02-19,86.57,86.99,86.03,86.65,2626666.0
2016-02-18,86.61,87.19,86.482,86.67,1727242.0
2016-02-17,87.04,87.45,86.64,87.07,2588365.0
2016-02-16,86.18,86.79,85.81,86.49,2866746.0
2016-02-12,84.36,84.96,83.77,84.92,2575414.0
2016-02-11,83.61,84.64,82.86,83.59,2857818.0
2016-02-10,85.72,86.83,85.03,85.21,2167714.0
2016-02-09,83.27,85.93,83.05,85.19,2577513.0
2016-02-08,84.53,84.85,82.87,84.14,4497195.0
2016-02-05,86.03,86.35,84.66,85.04,3023902.0
2016-02-04,84.86,86.7,84.81,86.45,3067529.0
2016-02-03,85.12,85.47,83.4,85.04,2460327.0
2016-02-02,84.85,85.15,84.04,84.37,2691960.0
2016-02-01,86.42,86.54,85.31,85.96,2729532.0
2016-01-29,85.04,86.72,84.5,86.65,4527724.0
2016-01-28,84.78,85.08,84.0,84.47,3570299.0
2016-01-27,84.68,85.57,83.65,84.25,4857372.0
2016-01-26,82.89,84.95,81.25,84.68,6550922.0
2016-01-25,85.37,85.65,84.24,84.38,3114898.0
2016-01-22,85.55,85.71,84.72,85.35,3553566.0
2016-01-21,84.59,85.07,83.85,84.43,3847672.0
2016-01-20,84.46,85.65,83.5,85.0,4732303.0
2016-01-19,86.35,86.61,84.65,85.61,3358632.0
2016-01-15,85.94,86.4138,85.07,85.19,4866132.0
2016-01-14,86.57,87.8,85.81,87.31,3080995.0
2016-01-13,89.17,89.21,86.39,86.52,2975550.0
2016-01-12,88.55,88.55,88.55,88.55,2897740.0
2016-01-11,88.85,89.1,87.61,88.45,3332419.0
2016-01-08,88.7,89.68,88.29,88.5,3347608.0
2016-01-07,89.29,90.0,88.16,88.45,4510314.0
2016-01-06,90.78,91.41,90.07,90.78,3683427.0
2016-01-05,91.74,92.13,91.1,91.85,2850953.0
2016-01-04,91.06,91.9,90.93,91.68,4391216.0
2015-12-31,92.91,93.68,92.735,92.88,1739511.0
2015-12-30,94.08,94.27,93.14,93.35,1266343.0
2015-12-29,94.19,94.59,93.7,94.17,1661646.0
2015-12-28,93.19,93.55,92.87,93.41,1282206.0
2015-12-24,93.44,93.89,93.37,93.4,660662.0
2015-12-23,93.54,93.96,92.88,93.72,1645539.0
2015-12-22,92.92,93.025,91.73,92.74,2019729.0
2015-12-21,91.66,92.49,91.56,92.48,2930659.0
2015-12-18,91.23,92.26,91.11,91.23,6367284.0
2015-12-17,94.65,94.84,91.87,91.89,3519891.0
2015-12-16,93.01,94.4,92.395,94.13,3700448.0
2015-12-15,94.05,94.3,92.4,92.56,5072446.0
2015-12-14,93.37,93.78,92.56,93.37,2977282.0
2015-12-11,93.89,94.11,92.64,93.02,2947028.0
2015-12-10,94.63,95.435,94.31,94.65,2282475.0
2015-12-09,95.1,96.39,94.1999,94.47,2777553.0
2015-12-08,94.66,95.9,94.25,95.77,3792666.0
2015-12-07,96.54,96.71,95.95,96.3,2280170.0
2015-12-04,94.81,96.7,94.55,96.53,4564832.0
2015-12-03,95.98,96.31,94.23,94.55,3290779.0
2015-12-02,96.38,96.8,95.82,95.98,2070604.0
2015-12-01,96.95,97.49,96.38,96.65,3264434.0
2015-11-30,96.88,97.12,96.26,96.39,2989655.0
2015-11-27,97.2,97.29,96.66,96.85,871391.0
2015-11-25,96.84,97.07,96.43,96.83,1417269.0
2015-11-24,96.34,96.78,95.897,96.51,2344950.0
2015-11-23,97.34,97.545,96.64,97.21,1319028.0
2015-11-20,97.2,97.62,97.02,97.35,1941184.0
2015-11-19,96.79,97.35,96.6,96.95,3259730.0
2015-11-18,95.43,97.15,95.2,97.03,2029344.0
2015-11-17,95.81,96.08,94.67,95.35,2206881.0
2015-11-16,93.61,95.205,93.54,95.15,2404356.0
2015-11-13,93.82,94.29,93.3,93.54,2170784.0
2015-11-12,94.6,95.55,94.06,94.09,2146182.0
2015-11-11,95.2,96.1,95.02,95.12,2035659.0
2015-11-10,95.11,95.47,94.55,95.1,2235710.0
2015-11-09,95.49,95.94,94.84,95.39,1931361.0
2015-11-06,95.19,95.83,95.05,95.83,2006841.0
2015-11-05,95.9,96.275,95.55,95.64,2868775.0
2015-11-04,95.66,96.08,95.01,95.81,2895598.0
2015-11-03,95.63,95.9,94.9,95.7,3224010.0
2015-11-02,93.51,95.77,93.37,95.53,3787499.0
2015-10-30,93.0,93.93,92.32,93.31,4019205.0
2015-10-29,92.27,93.15,91.8,93.04,2327250.0
2015-10-28,91.78,92.65,91.39,92.6,2630071.0
2015-10-27,91.76,92.12,91.31,91.66,2653619.0
2015-10-26,92.82,93.1295,92.13,92.38,2437550.0
2015-10-23,94.24,94.24,92.06,92.82,5120770.0
2015-10-22,88.49,94.61,88.09,93.98,7117615.0
2015-10-21,89.87,89.96,88.99,89.12,5046213.0
2015-10-20,88.85,89.825,88.51,89.43,2410270.0
2015-10-19,88.91,89.15,88.33,89.15,1733703.0
2015-10-16,89.31,89.44,88.33,88.94,3114619.0
2015-10-15,88.47,89.1425,87.97,89.06,2093686.0
2015-10-14,89.15,89.37,88.11,88.24,3642162.0
2015-10-13,88.95,89.75,88.73,89.19,2336799.0
2015-10-12,88.43,89.505,88.35,89.48,2338698.0
2015-10-09,88.83,89.39,88.2975,88.51,3944556.0
2015-10-08,88.2,89.045,87.97,88.89,3220835.0
2015-10-07,87.92,88.77,87.66,88.44,2831831.0
2015-10-06,87.67,87.93,86.515,87.23,3752511.0
2015-10-05,87.21,88.2,86.9,88.03,3297574.0
2015-10-02,85.87,86.66,83.85,86.66,3093722.0
2015-10-01,85.27,85.75,84.13,85.33,3359617.0
2015-09-30,84.11,85.29,83.83,85.21,5236241.0
2015-09-29,82.89,83.62,82.6,83.21,4789520.0
2015-09-28,84.82,85.16,82.3,82.4,5845885.0
2015-09-25,85.98,86.5,85.12,85.29,5289904.0
2015-09-24,85.09,85.21,84.11,85.02,3696288.0
2015-09-23,85.73,86.13,85.39,85.67,3017264.0
2015-09-22,85.5,85.96,84.955,85.57,5025105.0
2015-09-21,86.48,87.05,85.81,86.42,3957452.0
2015-09-18,85.58,87.14,85.47,86.21,9359374.0
2015-09-17,89.21,89.39,88.79,88.79,3784646.0
2015-09-16,88.17,89.39,88.02,89.27,3165305.0
2015-09-15,87.26,88.55,86.9,88.4,3401524.0
2015-09-14,87.02,87.29,86.35,86.77,3961327.0
2015-09-11,86.03,86.85,85.81,86.84,3067480.0
2015-09-10,86.34,86.7399,85.67,86.05,3467711.0
2015-09-09,88.0,88.39,86.23,86.41,2730991.0
2015-09-08,87.09,87.56,86.165,87.53,3001030.0
2015-09-04,85.68,86.2,85.34,85.59,2844857.0
2015-09-03,86.95,87.6,86.45,86.88,3008090.0
2015-09-02,85.7,86.3,84.85,86.28,3439687.0
2015-09-01,85.6,85.98,84.31,84.79,5231856.0
2015-08-31,87.17,88.26,85.85,87.02,3520957.0
2015-08-28,88.04,88.34,87.29,88.06,3245632.0
2015-08-27,87.33,88.73,86.88,88.46,4039906.0
2015-08-26,84.25,86.73,83.85,86.67,4821414.0
2015-08-25,86.08,86.08,83.16,83.23,4009724.0
2015-08-24,83.75,86.21,82.67,84.05,6068115.0
2015-08-21,88.25,88.5,86.94,86.95,4261700.0
2015-08-20,89.99,90.2,88.66,88.76,3450650.0
2015-08-19,90.91,91.49,90.36,90.63,2337568.0
2015-08-18,91.23,91.8028,91.23,91.51,1367151.0
2015-08-17,90.48,91.67,90.17,91.65,1240487.0
2015-08-14,90.64,90.99,90.245,90.92,1466179.0
2015-08-13,90.38,90.81,89.93,90.43,2101538.0
2015-08-12,90.36,90.42,89.16,90.29,3020328.0
2015-08-11,91.11,91.52,90.9,91.06,2122662.0
2015-08-10,91.68,92.43,91.66,91.95,1783495.0
2015-08-07,91.11,91.52,90.26,91.06,1690897.0
2015-08-06,92.33,92.64,91.3,91.57,1659714.0
2015-08-05,92.4,92.92,91.99,92.26,2149765.0
2015-08-04,91.26,92.42,91.08,91.76,2501524.0
2015-08-03,91.52,91.85,90.56,91.33,2359361.0
2015-07-31,91.96,92.18,91.31,91.56,3396216.0
2015-07-30,90.53,92.04,90.53,91.86,4618352.0
2015-07-29,88.91,90.99,88.37,90.91,5985147.0
2015-07-28,87.96,88.41,87.55,88.4,4144907.0
2015-07-27,87.42,87.88,86.53,87.22,3021509.0
2015-07-24,88.84,89.06,87.54,87.78,3817226.0
2015-07-23,89.0,89.64,88.22,89.05,7150715.0
2015-07-22,87.72,88.2901,87.53,87.86,3831692.0
2015-07-21,88.3,88.54,87.65,87.79,3790038.0
2015-07-20,88.72,88.84,88.41,88.58,2917293.0
2015-07-17,88.72,88.76,88.24,88.72,2056819.0
2015-07-16,88.68,88.85,88.0,88.7,4356812.0
2015-07-15,89.13,89.2,88.29,88.33,6055558.0
2015-07-14,88.25,89.02,88.11,88.96,14034194.0
2015-07-13,87.17,88.1,86.997,88.0,4938879.0
2015-07-10,86.45,86.92,86.06,86.65,4654491.0
2015-07-09,86.61,86.87,85.72,85.74,5154886.0
2015-07-08,86.63,86.76,85.655,85.74,5126221.0
2015-07-07,86.21,86.21,85.41,85.54,4992469.0
2015-07-06,85.93,86.35,85.72,85.87,7219654.0
2015-07-02,86.52,86.93,86.28,86.8,3782179.0
2015-07-01,86.0,86.34,85.7,86.34,5669468.0
2015-06-30,85.27,85.88,85.05,85.59,5618703.0
2015-06-29,85.31,85.54,84.565,84.75,6000222.0
2015-06-26,85.86,86.03,85.36,85.76,10251703.0
2015-06-25,85.72,85.795,84.893,85.43,2548713.0
2015-06-24,85.58,85.93,85.33,85.42,2928331.0
2015-06-23,86.15,86.38,85.665,85.72,2264396.0
2015-06-22,86.25,86.68,86.15,86.25,2530688.0
2015-06-19,85.95,86.28,85.64,85.84,4174195.0
2015-06-18,84.97,86.43,84.78,85.95,3461519.0
2015-06-17,84.68,85.11,84.42,84.73,2749003.0
2015-06-16,84.35,84.85,84.33,84.63,1909850.0
2015-06-15,84.6,84.75,84.12,84.46,2418488.0
2015-06-12,85.82,85.89,84.92,85.05,3206696.0
2015-06-11,86.25,86.4,85.75,85.93,2292605.0
2015-06-10,85.46,86.11,85.2,86.02,2389668.0
2015-06-09,85.03,85.79,84.7,85.2,2635413.0
2015-06-08,85.59,85.81,84.85,84.91,3189467.0
2015-06-05,85.62,85.99,85.46,85.89,2001515.0
2015-06-04,86.56,86.9,85.61,85.8,2747791.0
2015-06-03,86.83,87.435,86.66,87.24,2379893.0
2015-06-02,86.45,86.92,86.12,86.79,2486238.0
2015-06-01,86.5,87.155,86.05,86.9,2874789.0
2015-05-29,87.1,87.38,85.995,86.32,3043630.0
2015-05-28,87.35,87.5,86.78,87.32,3152760.0
2015-05-27,86.17,87.46,86.0328,87.42,3576693.0
2015-05-26,86.56,86.914,85.965,86.18,2694613.0
2015-05-22,86.95,87.56,86.58,86.61,2937970.0
2015-05-21,86.99,87.28,86.67,86.9,3815084.0
2015-05-20,86.51,87.24,86.1001,87.02,4110543.0
2015-05-19,87.27,87.44,86.36,86.49,3608094.0
2015-05-18,86.56,87.6,86.56,87.26,4682340.0
2015-05-15,87.78,88.08,86.34,86.45,8066997.0
2015-05-14,87.98,88.36,87.41,87.84,9568624.0
2015-05-13,90.0,90.25,86.46,87.35,18878952.0
2015-05-12,83.3,86.35,83.27,86.0,9729772.0
2015-05-11,83.84,84.1299,83.56,83.56,2260103.0
2015-05-08,83.85,84.42,83.74,84.03,2545839.0
2015-05-07,82.27,83.47,82.22,83.19,3754672.0
2015-05-06,82.68,82.95,81.87,82.34,3090399.0
2015-05-05,82.71,82.97,82.23,82.4,2873614.0
2015-05-04,82.6,83.2,82.53,82.69,1895236.0
2015-05-01,82.09,82.74,81.94,82.52,2595397.0
2015-04-30,82.7,82.83,81.59,81.88,2940207.0
2015-04-29,82.96,83.21,82.61,82.8,3327456.0
2015-04-28,82.83,83.28,82.58,83.26,2485940.0
2015-04-27,84.02,84.3,83.02,83.09,4481303.0
2015-04-24,84.39,84.54,83.05,83.3,5961877.0
2015-04-23,84.56,85.14,83.65,84.69,7629430.0
2015-04-22,85.09,85.41,84.63,85.25,4376847.0
2015-04-21,85.12,85.5,85.0,85.2,2628987.0
2015-04-20,84.81,85.18,84.54,84.92,2687269.0
2015-04-17,84.75,84.8,83.74,84.22,3719431.0
2015-04-16,85.23,85.78,85.1,85.44,2894316.0
2015-04-15,85.25,85.77,85.25,85.6,2282967.0
2015-04-14,84.93,85.58,84.61,85.48,2305588.0
2015-04-13,85.34,85.58,84.68,85.23,2373426.0
2015-04-10,85.83,85.845,84.83,84.98,2890418.0
2015-04-09,85.09,85.59,84.91,85.46,1643677.0
2015-04-08,85.36,85.62,84.89,85.35,2348258.0
2015-04-07,84.69,85.99,84.62,85.33,2637050.0
2015-04-06,83.78,85.36,83.51,84.97,1637937.0
2015-04-02,84.08,84.53,83.5908,84.19,1974503.0
2015-04-01,84.78,84.84,83.66,83.9,2697152.0
2015-03-31,85.23,85.51,84.85,84.9,2513538.0
2015-03-30,85.0,85.7527,84.98,85.6,1800631.0
2015-03-27,84.23,85.0,84.1,84.85,2120242.0
2015-03-26,84.25,84.95,83.88,84.32,2610077.0
2015-03-25,85.85,86.0,84.35,84.35,4104165.0
2015-03-24,86.52,86.72,85.93,85.93,2157494.0
2015-03-23,87.39,87.5,86.75,86.77,2807476.0
2015-03-20,87.35,87.55,86.96,87.15,3903662.0
2015-03-19,87.1,87.54,86.55,87.01,2604902.0
2015-03-18,86.01,87.76,85.26,87.28,2782767.0
2015-03-17,86.24,86.4932,85.9,86.27,1930775.0
2015-03-16,85.49,86.85,85.32,86.8,4043268.0
2015-03-13,85.54,85.62,84.36,85.2,2391871.0
2015-03-12,84.57,85.74,84.55,85.56,2332929.0
2015-03-11,84.7,84.88,84.3,84.37,2096778.0
2015-03-10,85.28,85.39,84.65,84.65,2237279.0
2015-03-09,85.38,86.28,85.09,86.09,2345605.0
2015-03-06,85.97,86.13,85.05,85.22,3002799.0
2015-03-05,86.32,86.56,85.96,86.34,2264939.0
2015-03-04,85.59,86.51,85.45,86.11,4799134.0
2015-03-03,87.22,87.4,86.6674,87.05,1632209.0
2015-03-02,87.21,87.84,87.21,87.47,2065978.0
2015-02-27,87.56,87.86,87.23,87.28,2216105.0
2015-02-26,87.13,88.1,87.02,87.81,2151373.0
2015-02-25,87.18,87.69,86.82,87.22,2332984.0
2015-02-24,86.58,87.13,86.51,87.04,2455351.0
2015-02-23,87.26,87.63,86.8,86.86,1936977.0
2015-02-20,86.95,87.895,86.56,87.68,4021530.0
2015-02-19,87.35,87.5,86.99,87.24,2209800.0
2015-02-18,87.29,87.57,86.44,87.45,1976095.0
2015-02-17,86.75,86.97,86.48,86.8,1919456.0
2015-02-13,86.4,86.92,86.2,86.81,1977785.0
2015-02-12,85.91,86.635,85.79,86.6,2043420.0
2015-02-11,85.41,85.92,85.15,85.66,2104130.0
2015-02-10,84.92,85.53,84.33,85.46,1939654.0
2015-02-09,84.3,85.09,84.11,84.45,1868374.0
2015-02-06,85.4,85.8,84.5,84.79,1977045.0
2015-02-05,84.86,85.6,84.78,85.48,2026439.0
2015-02-04,84.5,85.08,84.11,84.34,2864845.0
2015-02-03,84.71,85.13,84.27,85.02,4348331.0
2015-02-02,82.44,83.76,81.6,83.74,3450313.0
2015-01-30,83.51,83.72,82.34,82.38,2963634.0
2015-01-29,83.35,83.98,82.21,83.93,2725652.0
2015-01-28,85.06,85.14,82.84,82.85,3967309.0
2015-01-27,84.46,85.29,83.62,84.64,3593105.0
2015-01-26,83.86,84.135,83.22,83.66,3061308.0
2015-01-23,84.5,84.54,84.08,84.14,3784081.0
2015-01-22,83.98,84.04,83.16,83.26,3882856.0
2015-01-21,82.76,83.65,82.45,83.26,3024691.0
2015-01-20,83.04,83.45,82.4,82.97,3385262.0
2015-01-16,81.77,82.64,81.25,82.54,4250294.0
2015-01-15,83.46,83.6,82.01,82.03,4193127.0
2015-01-14,83.48,84.09,82.65,83.02,4793418.0
2015-01-13,85.32,85.93,83.745,83.98,3838491.0
2015-01-12,85.04,85.39,84.15,84.47,3052264.0
2015-01-09,86.41,86.52,85.3603,85.53,2078415.0
2015-01-08,85.6,86.275,85.52,86.11,2959997.0
2015-01-07,85.07,85.36,84.57,84.8,3306959.0
2015-01-06,85.13,85.34,83.575,84.29,2887661.0
2015-01-05,85.29,85.6,84.45,84.87,3021736.0
2015-01-02,86.01,86.29,85.11,85.72,2063903.0
2014-12-31,86.56,86.82,85.68,85.71,2073301.0
2014-12-30,86.86,86.91,85.9,86.24,1817801.0
2014-12-29,86.27,87.15,86.18,86.88,1480371.0
2014-12-26,86.89,87.195,86.64,86.73,1181223.0
2014-12-24,87.07,87.12,86.79,86.79,962617.0
2014-12-23,87.3,87.49,86.93,87.06,2848135.0
2014-12-22,86.74,87.21,86.42,87.06,2376505.0
2014-12-19,86.1,86.63,85.67,86.27,4980183.0
2014-12-18,86.0,86.0,84.7303,86.0,3342838.0
2014-12-17,82.27,83.9,81.85,83.68,4345530.0
2014-12-16,83.27,84.0,82.18,82.23,4281480.0
2014-12-15,84.32,84.57,82.9,83.39,2756153.0
2014-12-12,83.39,84.59,83.38,83.76,2818932.0
2014-12-11,83.36,84.77,83.11,83.95,2788231.0
2014-12-10,84.19,84.2,83.05,83.14,3704325.0
2014-12-09,83.66,84.38,83.54,84.36,2188292.0
2014-12-08,84.76,85.24,84.51,84.74,2432138.0
2014-12-05,84.41,84.99,84.4,84.88,1416060.0
2014-12-04,84.44,84.68,84.02,84.58,2020173.0
2014-12-03,83.76,84.98,83.64,84.85,2563223.0
2014-12-02,83.44,83.72,83.12,83.58,2618965.0
2014-12-01,83.11,83.33,82.58,83.07,2942661.0
2014-11-28,83.43,83.96,83.36,83.56,1759406.0
2014-11-26,83.74,83.74,83.22,83.45,1512129.0
2014-11-25,83.49,83.64,83.31,83.38,2125570.0
2014-11-24,83.59,83.62,83.13,83.51,1542692.0
2014-11-21,83.46,83.815,83.23,83.59,2683589.0
2014-11-20,81.93,82.65,81.56,82.51,1632985.0
2014-11-19,82.58,82.77,82.15,82.57,1487542.0
2014-11-18,82.5,82.91,82.28,82.58,1901452.0
2014-11-17,82.17,82.55,81.96,82.37,1826302.0
2014-11-14,82.14,82.48,82.055,82.23,1938934.0
2014-11-13,82.33,82.59,81.99,82.4,4515818.0
2014-11-12,83.05,83.09,82.05,82.36,4673752.0
2014-11-11,81.55,81.69,80.94,81.41,1878279.0
2014-11-10,81.18,81.5,81.01,81.29,1970619.0
2014-11-07,81.28,81.32,80.63,81.19,1712930.0
2014-11-06,80.97,81.305,80.49,81.26,1614419.0
2014-11-05,80.71,80.87,79.86,80.77,1767924.0
2014-11-04,79.98,80.25,79.65,79.99,1887992.0
2014-11-03,80.35,80.38,79.73,79.97,2551248.0
2014-10-31,80.37,80.69,80.05,80.4,4125944.0
2014-10-30,83.05,83.09,82.05,82.36,1996541.0
2014-10-29,79.55,79.92,78.98,79.3,3523225.0
2014-10-28,78.39,79.77,78.31,79.74,3619839.0
2014-10-27,77.46,77.97,77.38,77.87,1661286.0
2014-10-24,77.31,78.0,77.1,77.96,1867212.0
2014-10-23,76.53,77.819,76.4,77.36,3242069.0
2014-10-22,76.73,76.73,75.54,75.57,3516792.0
2014-10-21,75.09,76.36,75.06,76.25,3184724.0
2014-10-20,74.63,74.91,73.99,74.73,2954841.0
2014-10-17,75.0,75.48,74.23,74.79,4072003.0
2014-10-16,71.77,74.54,71.21,74.19,6907916.0
2014-10-15,71.627,72.06,70.91,71.22,6199629.0
2014-10-14,71.99,72.86,71.57,72.74,4809366.0
2014-10-13,72.24,73.16,71.58,71.7,5988129.0
2014-10-10,72.77,73.2097,71.24,71.86,6192942.0
2014-10-09,74.67,74.67,72.74,72.77,4224728.0
2014-10-08,73.47,74.64,72.91,74.59,3751822.0
2014-10-07,74.67,74.67,72.74,72.77,2935046.0
2014-10-06,75.25,75.6,74.67,74.89,1971222.0
2014-10-03,75.21,75.55,74.84,74.94,4303346.0
2014-10-02,74.52,74.79,73.83,74.43,4595547.0
2014-10-01,75.7,75.96,74.45,74.58,3154775.0
2014-09-30,75.73,77.15,75.64,75.98,5270892.0
2014-09-29,75.23,75.98,74.94,75.79,3044374.0
2014-09-26,75.7,76.04,75.5,75.91,3048528.0
2014-09-25,77.39,77.48,75.63,75.64,3772562.0
2014-09-24,77.45,77.915,77.16,77.73,3168381.0
2014-09-23,77.98,78.11,77.41,77.42,2106482.0
2014-09-22,79.17,79.17,78.05,78.16,2085129.0
2014-09-19,79.85,80.0,79.34,79.45,4823500.0
2014-09-18,78.8,79.43,78.71,79.36,2833000.0
2014-09-17,77.8,79.24,77.69,78.73,4212100.0
2014-09-16,76.44,77.66,76.15,77.57,3094800.0
2014-09-15,77.03,77.56,76.55,76.63,4159500.0
2014-09-12,77.25,77.28,76.82,76.88,1911700.0
2014-09-11,76.67,77.33,76.55,77.28,1649000.0
2014-09-10,76.61,77.13,76.478,76.93,1725700.0
2014-09-09,77.0,77.06,76.34,76.57,1976900.0
2014-09-08,77.01,77.38,76.83,77.05,1965100.0
2014-09-05,76.03,77.21,75.95,77.14,2133800.0
2014-09-04,76.56,76.94,76.03,76.24,2262900.0
2014-09-03,77.02,77.02,76.45,76.59,2423600.0
2014-09-02,76.67,76.93,76.205,76.42,2300500.0
2014-08-29,76.59,76.65,76.02,76.61,1502900.0
2014-08-28,76.35,76.5,75.98,76.33,1942800.0
2014-08-27,76.63,77.33,76.53,76.65,1119700.0
2014-08-26,77.48,77.59,77.25,77.33,1950700.0
2014-08-25,77.33,77.52,77.14,77.35,1428200.0
2014-08-22,77.13,77.4,76.995,77.04,2040500.0
2014-08-21,77.44,77.51,76.92,77.45,1770100.0
2014-08-20,76.63,77.35,76.43,77.19,2460400.0
2014-08-19,76.31,76.7,76.12,76.64,1664800.0
2014-08-18,76.36,76.45,75.37,76.29,2054200.0
2014-08-15,75.38,75.75,74.65,75.15,4763900.0
2014-08-14,74.54,74.9,74.4,74.88,2571300.0
2014-08-13,74.7,74.99,74.46,74.78,2033600.0
2014-08-12,74.78,75.025,74.16,74.34,3420300.0
2014-08-11,75.1,75.585,75.03,75.21,2457200.0
2014-08-08,74.12,74.92,73.8,74.87,2201000.0
2014-08-07,74.22,74.76,73.79,73.96,2859000.0
2014-08-06,73.67,74.27,73.4,74.07,4379400.0
2014-08-05,73.5,74.43,73.1503,73.56,3393300.0
2014-08-04,73.22,74.08,73.06,74.0,2845300.0
2014-08-01,73.9,73.93,73.02,73.34,5158200.0
2014-07-31,73.75,74.05,73.29,73.88,5065500.0
2014-07-30,74.27,74.46,73.6,74.17,4315500.0
2014-07-29,75.1,75.3,73.94,74.08,5120400.0
2014-07-28,75.53,75.63,74.98,75.21,2745700.0
2014-07-25,75.59,75.945,75.5,75.69,1967600.0
2014-07-24,75.72,76.18,75.26,75.97,832532.0
2014-07-23,76.0,76.11,75.42,75.61,700959.0
2014-07-22,75.37,76.23,75.37,75.8,5383000.0
2014-07-21,74.87,75.28,74.57,75.15,4091300.0
2014-07-18,74.0773,75.44,73.82,75.11,5785000.0
2014-07-17,75.71,75.8,73.99,74.07,10008000.0
2014-07-16,78.4,78.71,77.88,78.5,2606400.0
2014-07-15,78.64,79.1364,78.09,78.24,2804200.0
2014-07-14,79.01,79.13,78.44,78.81,2420500.0
2014-07-11,78.0,78.4,77.76,78.38,1855900.0
2014-07-10,77.64,78.33,77.48,78.0,2258700.0
2014-07-09,78.4,78.54,78.005,78.29,2341000.0
2014-07-08,78.43,78.63,77.99,78.19,2843400.0
2014-07-07,79.34,79.4,78.375,78.51,2598900.0
2014-07-03,79.26,79.67,79.09,79.45,2066400.0
2014-07-02,78.57,79.48,78.56,78.77,2561900.0
2014-07-01,79.16,79.715,79.12,79.5,2722100.0
2014-06-30,79.31,79.33,78.56,78.73,3087900.0
2014-06-27,78.98,79.32,78.76,79.19,2526100.0
2014-06-26,79.42,79.634,78.675,79.1,1988500.0
2014-06-25,79.07,79.625,78.59,79.49,2083100.0
2014-06-24,80.33,80.33,79.25,79.25,2789200.0
2014-06-23,80.64,80.7,80.21,80.33,2049700.0
2014-06-20,80.21,80.71,79.83,80.68,4576300.0
2014-06-19,80.51,80.74,79.97,80.1,3294700.0
2014-06-18,80.25,80.72,79.8001,80.67,1847100.0
2014-06-17,80.18,80.35,79.92,80.17,1633700.0
2014-06-16,80.09,80.34,79.89,80.07,2383200.0
2014-06-13,80.02,80.49,79.92,80.27,1727900.0
2014-06-12,79.73,80.31,79.71,80.13,2675300.0
2014-06-11,80.29,80.4,79.95,80.09,1955600.0
2014-06-10,80.55,80.55,80.55,80.55,1396100.0
2014-06-09,81.09,81.14,80.15,80.55,3076800.0
2014-06-06,79.55,80.49,79.49,80.37,2796400.0
2014-06-05,78.44,79.85,77.93,79.5,2955200.0
2014-06-04,78.54,78.66,78.0,78.43,2469600.0
2014-06-03,78.33,78.86,78.22,78.79,2072600.0
2014-06-02,78.6,78.85,77.83,78.64,1824200.0
2014-05-30,78.34,78.52,78.02,78.43,3402400.0
2014-05-29,78.68,78.84,78.13,78.55,2376800.0
2014-05-28,78.72,79.04,78.38,78.68,2242900.0
2014-05-27,78.95,79.0,78.47,78.65,2565700.0
2014-05-23,78.0,78.46,77.74,78.42,2167900.0
2014-05-22,77.33,78.5,76.71,78.03,6782600.0
2014-05-21,75.13,76.33,75.13,76.28,3147400.0
2014-05-20,75.8,75.95,74.565,74.8,2332500.0
2014-05-19,75.11,76.195,75.04,75.82,2366700.0
2014-05-16,74.98,75.41,74.65,75.32,3208300.0
2014-05-15,74.88,75.08,74.25,74.97,3047400.0
2014-05-14,75.4,76.18,75.08,75.21,3092400.0
2014-05-13,75.42,75.93,75.13,75.63,2840300.0
2014-05-12,74.22,75.12,74.22,75.07,2769600.0
2014-05-09,73.13,74.06,72.79,74.03,4279500.0
2014-05-08,72.78,73.82,72.605,73.27,2853100.0
2014-05-07,72.78,72.91,72.17,72.81,3130500.0
2014-05-06,72.79,73.04,72.54,72.56,2040800.0
2014-05-05,73.0,73.23,72.61,73.0,1941100.0
2014-05-02,73.64,73.75,73.16,73.27,2625800.0
2014-05-01,73.38,74.03,73.26,73.61,3608300.0
2014-04-30,73.26,73.45,72.97,73.38,3314800.0
2014-04-29,73.51,73.65,72.925,73.4,4151500.0
2014-04-28,73.28,73.6,72.73,73.5,4710600.0
2014-04-25,73.61,73.78,72.88,73.05,2429400.0
2014-04-24,73.71,73.91,73.36,73.66,2788500.0
2014-04-23,73.5,73.71,73.21,73.38,3192200.0
2014-04-22,74.48,74.58,73.51,73.55,4293200.0
2014-04-21,73.36,74.69,73.11,74.58,5825700.0
2014-04-17,73.0,73.44,72.29,72.85,7798200.0
2014-04-16,73.79,73.87,72.86,73.65,4074700.0
2014-04-15,72.69,73.09,71.75,73.0,3825800.0
2014-04-14,73.43,73.43,71.9,72.59,4477100.0
2014-04-11,73.66,73.91,72.78,72.8,2735700.0
2014-04-10,75.64,75.65,74.1,74.13,2420300.0
2014-04-09,75.0,75.71,74.38,75.65,3074700.0
2014-04-08,73.68,74.34,73.31,74.03,2352400.0
2014-04-07,75.15,75.22,73.63,73.83,2258600.0
2014-04-04,76.47,76.7,75.3,75.4,2589500.0
2014-04-03,75.56,75.91,75.08,75.84,2167400.0
2014-04-02,75.38,75.72,75.14,75.44,2306400.0
2014-04-01,75.08,75.28,74.62,75.26,2322100.0
2014-03-31,74.53,75.0,74.22,75.0,2128200.0
2014-03-28,73.88,74.42,73.5925,73.87,2020600.0
2014-03-27,73.63,73.74,72.95,73.44,3387900.0
2014-03-26,74.91,75.01,73.36,73.36,3014900.0
2014-03-25,74.76,75.07,74.06,74.43,1764800.0
2014-03-24,75.57,75.59,73.93,74.32,1677000.0
2014-03-21,75.36,76.12,75.025,75.3,4110900.0
2014-03-20,74.3,74.98,74.04,74.75,1583400.0
2014-03-19,75.22,75.47,73.94,74.37,1889600.0
2014-03-18,75.02,75.45,74.97,75.26,1411400.0
2014-03-17,74.31,75.13,74.28,74.85,2479800.0
2014-03-14,74.305,74.66,73.71,73.79,2782100.0
2014-03-13,76.18,76.2,74.31,74.43,2489900.0
2014-03-12,75.89,76.07,75.49,75.82,2178900.0
2014-03-11,77.27,77.36,76.32,76.43,2098900.0
2014-03-10,77.4,77.4,76.79,77.15,2241200.0
2014-03-07,77.39,77.56,76.93,77.43,2820600.0
2014-03-06,76.57,77.09,76.44,76.88,2290900.0
2014-03-05,76.43,76.69,76.03,76.38,2517300.0
2014-03-04,76.455,76.7,76.2,76.37,3198900.0
2014-03-03,75.74,76.1,75.35,75.59,2751600.0
2014-02-28,77.0,77.54,76.24,76.49,3804000.0
2014-02-27,76.36,77.13,76.33,77.03,2558100.0
2014-02-26,76.85,77.2,76.55,76.82,2674800.0
2014-02-25,76.44,77.07,76.21,76.82,2655800.0
2014-02-24,76.38,77.09,76.3,76.56,2665200.0
2014-02-21,75.99,76.32,75.67,76.15,2675800.0
2014-02-20,75.49,76.33,75.04,76.11,2379400.0
2014-02-19,75.75,76.49,75.2,75.28,2599800.0
2014-02-18,76.15,76.58,75.84,75.94,2353400.0
2014-02-14,76.16,76.596,75.83,76.43,2254400.0
2014-02-13,74.92,76.315,74.78,76.22,2407100.0
2014-02-12,75.7,75.98,75.36,75.55,2094200.0
2014-02-11,75.37,75.88,75.125,75.39,2520900.0
2014-02-10,75.26,75.26,74.565,75.07,3140100.0
2014-02-07,74.29,75.29,73.85,75.12,3152700.0
2014-02-06,72.3,73.73,72.14,73.71,2980400.0
2014-02-05,72.6,72.85,71.89,72.49,2724400.0
2014-02-04,72.82,73.37,72.32,72.93,3430900.0
2014-02-03,74.53,75.13,72.5,72.56,4224200.0
2014-01-31,74.27,75.005,73.93,74.39,3219900.0
2014-01-30,75.44,75.68,74.85,75.3,3309400.0
2014-01-29,74.52,75.77,74.51,75.13,3833000.0
2014-01-28,74.97,76.57,74.14,75.21,4370400.0
2014-01-27,74.39,74.79,73.65,74.1,3594100.0
2014-01-24,76.34,76.59,74.12,74.13,4018500.0
2014-01-23,77.2,77.36,76.7,77.11,1823700.0
2014-01-22,78.05,78.21,77.1,77.94,2602800.0
2014-01-21,78.6,78.8,77.67,78.0,4901200.0
2014-01-17,78.63,78.63,77.66,77.87,2638300.0
2014-01-16,78.21,78.64,78.04,78.53,2517600.0
2014-01-15,78.33,78.37,77.69,78.21,2831200.0
2014-01-14,77.61,78.3,76.895,78.26,4642100.0
2014-01-13,77.32,77.55,76.09,76.15,2572000.0
2014-01-10,77.6,77.73,76.87,77.68,2067200.0
2014-01-09,77.12,77.565,76.585,77.48,3084600.0
2014-01-08,76.39,76.92,76.28,76.56,2276500.0
2014-01-07,76.15,76.57,75.94,76.52,2006400.0
2014-01-06,76.95,77.21,75.8505,75.89,1955800.0
2014-01-03,76.45,76.96,76.33,76.56,1190800.0
2014-01-02,76.66,77.01,76.1,76.45,2010400.0
2013-12-31,77.11,77.33,76.85,77.2,1054100.0
2013-12-30,76.99,77.13,76.62,76.82,971400.0
2013-12-27,77.17,77.39,76.79,77.05,835600.0
2013-12-26,77.0,77.06,76.76,76.92,1912800.0
2013-12-24,76.6,77.16,76.6,76.79,1071900.0
2013-12-23,76.96,77.32,76.44,76.74,2249300.0
2013-12-20,78.4,78.54,78.005,78.29,3428500.0
2013-12-19,76.54,76.665,75.98,76.58,2416400.0
2013-12-18,74.76,77.01,74.6085,76.86,3326100.0
2013-12-17,75.5,75.73,74.54,74.76,2247600.0
2013-12-16,74.24,75.54,74.115,75.31,3493200.0
2013-12-13,74.27,74.39,73.65,74.01,2696800.0
2013-12-12,72.89,74.6,72.88,74.25,3969000.0
2013-12-11,75.13,75.325,73.66,73.93,3088700.0
2013-12-10,75.04,75.33,74.55,75.15,1827100.0
2013-12-09,75.62,75.78,75.02,75.38,2028100.0
2013-12-06,74.48,75.29,74.29,75.12,1833300.0
2013-12-05,73.24,74.05,73.04,73.64,1902400.0
2013-12-04,73.39,74.29,72.91,73.66,1867700.0
2013-12-03,74.28,74.45,73.54,73.77,2363200.0
2013-12-02,74.59,75.26,74.36,74.57,2471700.0
2013-11-29,75.33,75.54,74.73,74.8,1343400.0
2013-11-27,75.72,75.93,75.18,75.36,1415900.0
2013-11-26,75.03,75.89,75.0,75.37,3621700.0
2013-11-25,75.0,75.0,74.36,74.52,1392900.0
2013-11-22,74.42,74.73,74.24,74.65,1938700.0
2013-11-21,74.2,74.4,73.89,74.33,1807000.0
2013-11-20,74.09,74.51,73.54,73.79,2213900.0
2013-11-19,74.52,74.75,74.02,74.13,1762800.0
2013-11-18,74.52,74.99,74.38,74.55,2821000.0
2013-11-15,74.17,74.74,74.0501,74.49,3261800.0
2013-11-14,74.19,74.944,74.01,74.44,2912100.0
2013-11-13,73.59,73.84,73.43,73.76,2594300.0
2013-11-12,74.23,74.3099,73.38,73.9,2271900.0
2013-11-11,74.6,74.77,74.06,74.36,1758500.0
2013-11-08,72.36,74.64,72.36,74.6,4666400.0
2013-11-07,73.06,73.2785,71.7,71.81,1772200.0
2013-11-06,72.9,73.6,72.71,72.98,1725800.0
2013-11-05,72.66,72.77,72.26,72.59,1373000.0
2013-11-04,72.64,72.85,72.06,72.75,1917400.0
2013-11-01,72.28,72.78,72.04,72.63,2285000.0
2013-10-31,72.28,72.57,71.81,72.09,1464700.0
2013-10-30,72.54,72.82,72.01,72.04,1560700.0
2013-10-29,72.14,72.55,71.86,72.54,2287200.0
2013-10-28,72.14,72.43,71.73,72.16,1602700.0
2013-10-25,71.88,72.22,71.485,72.11,1722900.0
2013-10-24,71.95,72.24,71.52,72.05,1993100.0
2013-10-23,72.23,72.5,71.7,71.9,2031000.0
2013-10-22,72.02,72.48,71.85,72.24,2295000.0
2013-10-21,72.23,72.3,71.77,71.93,2613600.0
2013-10-18,72.69,72.69,71.65,72.0,4193900.0
2013-10-17,71.01,72.59,70.38,72.31,5891800.0
2013-10-16,69.23,69.42,68.8,69.15,4748400.0
2013-10-15,69.4,69.7,69.0,69.02,2432400.0
2013-10-14,68.97,69.705,68.84,69.55,1537200.0
2013-10-11,68.92,69.51,68.58,69.44,1438100.0
2013-10-10,67.91,69.04,67.82,68.98,2700500.0
2013-10-09,67.28,67.4,66.83,67.14,2927300.0
2013-10-08,67.88,68.52,67.26,67.31,2979500.0
2013-10-07,68.08,68.29,67.73,67.86,1715100.0
2013-10-04,68.01,68.88,67.82,68.52,1965900.0
2013-10-03,68.2,68.98,67.49,67.99,2547400.0
2013-10-02,68.57,69.16,68.38,69.13,2354600.0
2013-10-01,69.45,69.64,69.11,69.47,2442800.0
2013-09-30,69.33,69.79,69.1,69.32,2672900.0
2013-09-27,69.64,70.05,69.43,69.87,2376200.0
2013-09-26,69.53,70.14,69.36,69.77,1718100.0
2013-09-25,69.64,69.7744,68.81,69.65,2602600.0
2013-09-24,69.59,69.65,68.89,68.94,2361300.0
2013-09-23,69.29,69.755,69.239,69.55,2158200.0
2013-09-20,70.32,70.72,69.57,69.57,5124400.0
2013-09-19,70.78,70.94,70.22,70.28,3979000.0
2013-09-18,70.09,70.545,69.68,70.49,2698600.0
2013-09-17,70.19,70.5,69.85,70.03,2602000.0
2013-09-16,70.35,70.64,69.87,70.11,2811000.0
2013-09-13,69.63,69.78,69.01,69.76,2467800.0
2013-09-12,69.37,69.55,69.05,69.45,2498400.0
2013-09-11,68.53,69.31,68.4,69.31,2087200.0
2013-09-10,68.18,68.94,68.06,68.46,2329100.0
2013-09-09,67.02,67.75,67.02,67.65,1368900.0
2013-09-06,67.32,67.59,66.41,66.83,1970800.0
2013-09-05,66.94,67.42,66.67,67.22,1384900.0
2013-09-04,65.69,67.14,65.69,67.01,2113400.0
2013-09-03,66.28,66.6,65.6075,65.87,1693800.0
2013-08-30,65.42,65.82,65.25,65.52,1532600.0
2013-08-29,65.99,66.21,64.78,65.61,1289600.0
2013-08-28,65.35,65.71,65.06,65.29,1574500.0
2013-08-27,65.76,65.93,65.26,65.4,2410900.0
2013-08-26,67.23,67.49,66.62,66.64,1612100.0
2013-08-23,67.26,67.54,66.95,67.34,1781900.0
2013-08-22,66.4,67.54,66.26,67.29,1675900.0
2013-08-21,66.24,66.67,66.05,66.18,1936900.0
2013-08-20,66.9,66.9,66.215,66.32,2390400.0
2013-08-19,66.5,67.285,66.46,66.86,1952400.0
2013-08-16,66.51,66.83,66.305,66.73,2177700.0
2013-08-15,66.44,67.09,65.88,66.51,2419200.0
2013-08-14,67.4,67.45,66.545,66.67,1734400.0
2013-08-13,66.53,67.72,66.47,67.63,1760400.0
2013-08-12,66.54,66.88,66.33,66.52,2112000.0
2013-08-09,67.27,67.4,66.92,66.99,1557300.0
2013-08-08,67.8,67.98,67.23,67.33,2041200.0
2013-08-07,67.0,67.56,66.8,67.49,2339900.0
2013-08-06,67.12,67.17,66.78,67.05,2010700.0
2013-08-05,67.1,67.26,66.89,67.12,1592800.0
2013-08-02,67.63,67.63,66.975,67.23,2075200.0
2013-08-01,67.82,68.195,67.64,67.64,2788100.0
2013-07-31,67.2,67.98,67.17,67.34,2371800.0
2013-07-30,67.46,67.86,67.14,67.17,2108300.0
2013-07-29,66.875,67.24,66.22,67.19,2145400.0
2013-07-26,66.93,67.0,66.53,66.72,2375500.0
2013-07-25,67.15,67.43,66.83,67.28,3102100.0
2013-07-24,68.0,68.13,67.385,67.63,2671400.0
2013-07-23,68.25,68.4,67.84,67.9,2472300.0
2013-07-22,68.39,68.88,67.85,68.17,2776100.0
2013-07-19,68.0,69.02,67.674,68.69,2941000.0
2013-07-18,68.0,68.68,66.83,67.75,5498100.0
2013-07-17,68.28,68.63,68.14,68.41,3218000.0
2013-07-16,68.4,68.79,67.53,68.07,2521600.0
2013-07-15,68.51,68.63,68.13,68.4,3494800.0
2013-07-12,68.32,68.43,67.61,68.19,3039600.0
2013-07-11,68.58,69.0,67.8,68.35,4258000.0
2013-07-10,66.6,67.94,66.6,67.8,4701400.0
2013-07-09,65.34,66.67,65.34,66.62,4703900.0
2013-07-08,64.95,65.061,64.31,64.44,2789000.0
2013-07-05,64.2,64.62,64.02,64.6,1750500.0
2013-07-03,63.34,63.91,63.16,63.63,1099100.0
2013-07-02,64.59,64.765,63.46,63.68,3248600.0
2013-07-01,63.74,65.15,63.6,64.7,3759900.0
2013-06-28,63.43,63.715,63.03,63.3,4223500.0
2013-06-27,63.77,63.9,63.09,63.64,2530800.0
2013-06-26,62.82,63.66,62.71,63.35,3296200.0
2013-06-25,62.07,62.44,61.57,62.3,3110700.0
2013-06-24,61.64,62.29,61.23,61.66,3110600.0
2013-06-21,62.59,62.88,61.67,62.11,5977400.0
2013-06-20,62.99,63.23,62.1,62.26,3269300.0
2013-06-19,64.36,64.8,63.66,63.68,3497700.0
2013-06-18,63.32,64.6,63.08,64.36,2963600.0
2013-06-17,63.0,63.69,62.97,63.37,3072600.0
2013-06-14,62.42,62.83,62.12,62.52,2118500.0
2013-06-13,62.01,62.68,61.17,62.48,2247900.0
2013-06-12,62.43,62.43,61.36,61.4,2647600.0
2013-06-11,61.66,62.48,61.5401,62.21,2290700.0
2013-06-10,62.22,62.62,61.97,62.29,2490300.0
2013-06-07,60.95,62.17,60.52,62.1,3385600.0
2013-06-06,60.5,60.6,59.65,60.43,4639600.0
2013-06-05,61.68,61.78,60.25,60.44,3459400.0
2013-06-04,62.23,62.77,61.435,61.79,2958900.0
2013-06-03,61.86,62.42,61.77,62.37,3148800.0
2013-05-31,62.21,62.74,61.82,61.82,2697500.0
2013-05-30,62.42,62.9,62.09,62.5,2098300.0
2013-05-29,62.1,62.48,61.895,62.21,2103700.0
2013-05-28,62.72,63.21,62.47,62.59,1980800.0
2013-05-24,62.0,62.39,61.71,62.1,2287500.0
2013-05-23,62.31,62.71,62.18,62.39,2822700.0
2013-05-22,63.83,64.04,62.48,62.76,2821000.0
2013-05-21,64.0,64.39,63.76,63.84,2351600.0
2013-05-20,63.18,64.09,63.1,64.07,3576800.0
2013-05-17,62.75,63.34,62.74,63.25,3837100.0
2013-05-16,61.76,62.85,61.74,62.27,4664100.0
2013-05-15,61.75,62.14,61.58,62.06,3952600.0
2013-05-14,61.73,62.075,61.6201,61.85,3877800.0
2013-05-13,61.68,61.955,61.57,61.6,2302100.0
2013-05-10,61.72,61.95,61.53,61.9,1461300.0
2013-05-09,61.61,62.12,61.45,61.74,2008200.0
2013-05-08,61.5,61.72,61.35,61.64,2077700.0
2013-05-07,61.51,61.77,61.22,61.53,1767300.0
2013-05-06,60.79,61.45,60.54,61.31,2079100.0
2013-05-03,61.09,61.29,60.61,60.8,3772000.0
2013-05-02,60.42,60.65,60.1,60.46,2493400.0
2013-05-01,60.67,61.38,60.095,60.14,2867800.0
2013-04-30,60.29,61.53,60.08,60.94,5105000.0
2013-04-29,60.0,60.41,59.88,60.23,2103300.0
2013-04-26,60.44,60.44,60.44,60.44,2628700.0
2013-04-25,60.05,60.915,59.83,60.44,2620000.0
2013-04-24,59.26,60.27,59.03,59.96,3794700.0
2013-04-23,59.35,59.52,58.4856,59.09,4403000.0
2013-04-22,59.12,59.42,58.5,58.99,2383800.0
2013-04-19,58.36,59.16,58.13,59.1,3531100.0
2013-04-18,57.96,58.56,57.61,58.05,9090800.0
2013-04-17,60.66,60.72,59.58,59.74,3411200.0
2013-04-16,60.24,60.98,60.07,60.96,2223400.0
2013-04-15,61.28,61.58,59.91,59.91,2883800.0
2013-04-12,61.78,61.98,61.16,61.56,1682200.0
2013-04-11,61.75,62.115,61.55,61.94,2368900.0
2013-04-10,60.74,61.84,60.47,61.78,2355400.0
2013-04-09,60.82,60.85,60.185,60.54,2592500.0
2013-04-08,60.53,60.898,60.39,60.77,1709300.0
2013-04-05,60.02,60.585,59.78,60.55,2697900.0
2013-04-04,61.17,61.465,60.62,60.75,3274700.0
2013-04-03,61.84,61.9,60.85,61.09,3527800.0
2013-04-02,62.0,62.05,61.56,61.74,2589800.0
2013-04-01,61.86,62.1,61.51,61.79,2188400.0
2013-03-28,61.84,62.23,61.59,62.15,2546500.0
2013-03-27,61.47,61.87,61.29,61.84,1865500.0
2013-03-26,61.42,61.86,61.27,61.84,1791000.0
2013-03-25,61.8,62.01,60.715,61.04,2857000.0
2013-03-22,61.28,61.78,61.11,61.67,2319100.0
2013-03-21,61.07,61.7,60.99,61.19,2285800.0
2013-03-20,61.47,61.8,61.093,61.31,2893000.0
2013-03-19,62.02,62.236,60.96,61.28,3478000.0
2013-03-18,61.97,62.195,61.67,61.81,2494100.0
2013-03-15,62.23,62.9,62.15,62.65,4215800.0
2013-03-14,62.25,62.6,62.22,62.6,1800500.0
2013-03-13,62.15,62.23,61.8175,62.12,1973100.0
2013-03-12,62.3,62.47,61.86,62.16,2834400.0
2013-03-11,61.95,62.3,61.94,62.26,1740600.0
2013-03-08,61.83,62.07,61.54,61.94,2237100.0
2013-03-07,61.9,62.0,61.41,61.42,2049600.0
2013-03-06,62.32,62.46,61.67,61.77,2336000.0
2013-03-05,61.83,62.43,61.721,62.22,2027700.0
2013-03-04,61.52,61.68,60.89,61.66,2018700.0
2013-03-01,61.25,61.76,60.95,61.57,2345800.0
2013-02-28,61.4,61.99,61.13,61.6,2566400.0
2013-02-27,60.35,61.49,60.23,61.24,2298900.0
2013-02-26,60.14,60.55,60.12,60.3,2128600.0
2013-02-25,61.51,61.7,59.88,59.89,3214400.0
2013-02-22,61.11,61.46,61.01,61.46,2155700.0
2013-02-21,60.71,61.2,60.59,60.99,2733400.0
2013-02-20,61.87,62.0,60.89,60.97,3911600.0
2013-02-19,61.75,62.14,61.55,61.8,1996800.0
2013-02-15,61.18,61.9,60.84,61.68,3662500.0
2013-02-14,60.78,61.36,60.52,61.16,2789200.0
2013-02-13,61.2,61.31,60.57,61.02,2389700.0
2013-02-12,60.85,61.17,60.68,60.97,2290100.0
2013-02-11,60.78,60.83,60.33,60.68,1868000.0
2013-02-08,60.15,60.81,60.09,60.81,1532400.0
2013-02-07,60.58,60.63,59.86,60.17,2465000.0
2013-02-06,59.91,60.53,59.91,60.43,2281600.0
2013-02-05,60.34,60.82,60.24,60.68,2297900.0
2013-02-04,60.19,60.36,59.89,59.96,2444500.0
2013-02-01,60.31,60.54,60.03,60.47,3951900.0
2013-01-31,59.83,60.24,59.63,59.93,3450400.0
2013-01-30,60.83,60.9,59.85,60.0,3505400.0
2013-01-29,59.83,61.49,59.5,61.0,4193400.0
2013-01-28,60.83,61.43,60.31,60.71,3570100.0
2013-01-25,60.89,61.01,60.46,60.54,3255900.0
2013-01-24,60.51,61.14,60.41,60.5,2881200.0
2013-01-23,60.27,60.5,59.82,60.46,2978900.0
2013-01-22,60.38,60.75,60.2,60.4,4152500.0
2013-01-18,61.01,61.01,59.69,60.51,3732100.0
2013-01-17,60.39,60.985,60.02,60.71,2759500.0
2013-01-16,59.81,60.22,59.57,60.07,2357400.0
2013-01-15,59.43,60.025,59.22,59.99,2603500.0
2013-01-14,59.76,59.95,59.5,59.59,2426200.0
2013-01-11,59.91,60.06,59.525,59.78,3045200.0
2013-01-10,59.96,59.99,59.255,59.99,2904400.0
2013-01-09,60.0,60.5,59.34,59.8,7324600.0
2013-01-08,57.89,58.38,57.55,57.68,2757000.0
2013-01-07,59.8,59.87,57.815,58.09,4466100.0
2013-01-04,58.04,58.49,57.74,58.09,3576200.0
2013-01-03,57.36,58.39,57.36,58.03,5079700.0
2013-01-02,56.96,57.48,56.17,57.48,3888200.0
2012-12-31,54.83,55.945,54.57,55.9,2421600.0
2012-12-28,55.33,55.61,54.94,55.02,1672300.0
2012-12-27,55.57,55.99,55.16,55.78,1832200.0
2012-12-26,55.95,56.18,55.53,55.66,1545700.0
2012-12-24,55.99,56.2,55.72,55.94,637400.0
2012-12-21,55.73,56.23,55.53,56.06,3475800.0
2012-12-20,55.81,56.58,55.755,56.5,3208200.0
2012-12-19,56.3,56.39,55.66,55.67,3442100.0
2012-12-18,55.34,56.41,55.25,56.33,3196100.0
2012-12-17,54.76,55.42,54.69,55.4,3343100.0
2012-12-14,54.78,54.97,54.49,54.52,2410800.0
2012-12-13,54.58,55.21,54.33,54.89,4066100.0
2012-12-12,53.84,55.19,53.51,54.67,4776200.0
2012-12-11,53.58,54.0,53.39,53.53,3098000.0
2012-12-10,53.52,53.58,53.2425,53.41,2604300.0
2012-12-07,53.44,53.65,52.94,53.5,1891700.0
2012-12-06,53.13,53.39,52.89,53.07,2746500.0
2012-12-05,53.43,53.83,52.82,53.35,3011200.0
2012-12-04,53.47,53.62,53.07,53.25,2880400.0
2012-12-03,54.4,54.46,53.37,53.42,3826900.0
2012-11-30,53.65,54.07,53.43,53.97,3517800.0
2012-11-29,53.12,53.77,53.0,53.64,3811100.0
2012-11-28,52.28,52.93,52.05,52.8,5014800.0
2012-11-27,52.71,52.79,52.12,52.21,4535300.0
2012-11-26,53.04,53.15,52.58,52.69,3041000.0
2012-11-23,53.14,53.5,53.04,53.49,1031400.0
2012-11-21,52.68,53.44,52.51,53.04,2519200.0
2012-11-20,52.59,52.64,52.195,52.64,2925900.0
2012-11-19,52.43,52.9,52.35,52.9,2881700.0
2012-11-16,51.71,52.17,51.46,51.99,4541200.0
2012-11-15,51.4,51.71,51.32,51.58,3878500.0
2012-11-14,52.29,52.45,51.34,51.41,4747200.0
2012-11-13,52.11,52.55,51.69,52.11,2993700.0
2012-11-12,52.02,52.02,52.02,52.02,1812400.0
2012-11-09,51.71,52.47,51.64,52.02,2844000.0
2012-11-08,52.0,52.27,51.85,51.87,3881200.0
2012-11-07,52.23,52.325,51.83,51.97,3878600.0
2012-11-06,52.35,53.11,52.27,52.8,3231300.0
2012-11-05,51.92,52.415,51.8,52.2,5561400.0
2012-11-02,52.72,53.02,51.905,51.95,6051400.0
2012-11-01,52.0,52.42,51.94,52.3,6509100.0
2012-10-31,52.54,53.45,51.66,51.73,4784900.0
2012-10-26,52.35,52.38,51.6,51.77,4696100.0
2012-10-25,50.7,52.53,50.63,52.25,12596800.0
2012-10-24,52.72,53.31,52.14,52.25,3533800.0
2012-10-23,52.16,52.6,51.5,52.39,4931600.0
2012-10-22,53.32,53.82,52.29,52.82,7358800.0
2012-10-19,53.02,53.76,52.87,53.34,7022500.0
2012-10-18,53.4,54.0,52.55,53.45,13835900.0
2012-10-17,56.92,56.99,55.93,56.1,4706400.0
2012-10-16,56.51,56.98,56.47,56.6,2717400.0
2012-10-15,56.05,56.41,55.87,56.29,2811700.0
2012-10-12,56.1,56.5,55.66,55.93,3032900.0
2012-10-11,55.61,56.53,55.44,55.93,2863000.0
2012-10-10,55.34,55.84,55.24,55.33,2788800.0
2012-10-09,56.81,56.81,55.31,55.43,4051100.0
2012-10-08,56.42,57.03,56.2,56.83,1964300.0
2012-10-05,56.8,57.04,56.245,56.46,1857700.0
2012-10-04,56.67,56.86,56.17,56.55,1996700.0
2012-10-03,56.13,56.6899,55.91,56.44,2359300.0
2012-10-02,56.45,56.56,55.52,55.86,2518900.0
2012-10-01,55.15,57.15,55.15,56.25,4908700.0
2012-09-28,55.16,55.374,54.65,55.15,4237400.0
2012-09-27,55.08,55.74,54.75,55.45,3733000.0
2012-09-26,54.38,55.39,54.19,55.03,5421800.0
2012-09-25,54.74,54.915,54.43,54.56,4207500.0
2012-09-24,54.59,54.87,54.33,54.74,1757100.0
2012-09-21,55.49,55.55,54.68,54.9,4716600.0
2012-09-20,55.07,55.17,54.6,55.02,2933200.0
2012-09-19,55.75,56.11,55.05,55.53,4089300.0
2012-09-18,54.65,55.81,54.65,55.66,3497700.0
2012-09-17,54.68,55.02,54.55,54.84,3163400.0
2012-09-14,55.54,55.94,54.49,54.76,4832700.0
2012-09-13,54.54,55.66,54.34,55.41,2508200.0
2012-09-12,54.82,55.05,54.46,54.79,2002800.0
2012-09-11,54.22,54.595,54.14,54.54,2041600.0
2012-09-10,54.71,54.89,54.03,54.09,2833400.0
2012-09-07,54.46,55.13,53.99,55.06,2522400.0
2012-09-06,53.3,54.5,53.28,54.47,2154500.0
2012-09-05,53.02,53.4,52.73,52.84,2018100.0
2012-09-04,53.67,53.67,52.57,52.89,3475300.0
2012-08-31,53.25,53.71,53.07,53.57,2243000.0
2012-08-30,52.93,53.31,52.9,52.99,1843000.0
2012-08-29,53.31,53.31,53.31,53.31,1637500.0
2012-08-28,53.27,53.61,53.125,53.37,1632600.0
2012-08-27,53.52,53.67,53.24,53.4,1651700.0
2012-08-24,52.95,53.62,52.87,53.3,2239800.0
2012-08-23,53.54,53.878,53.09,53.16,2578500.0
2012-08-22,53.32,53.78,53.14,53.7,1635400.0
2012-08-21,53.95,54.22,53.41,53.5,2059700.0
2012-08-20,53.77,53.98,53.64,53.77,2551900.0
2012-08-17,53.57,53.86,53.24,53.79,3569000.0
2012-08-16,53.49,53.616,53.1,53.39,3765700.0
2012-08-15,53.57,53.78,53.38,53.57,1875200.0
2012-08-14,54.0,54.0,53.45,53.58,2242300.0
2012-08-13,53.27,53.94,53.2,53.93,3360300.0
2012-08-10,52.72,53.49,52.72,53.48,1658800.0
2012-08-09,53.12,53.25,52.94,52.98,1701700.0
2012-08-08,53.11,53.43,53.01,53.28,1599700.0
2012-08-07,53.03,53.75,53.03,53.32,2073600.0
2012-08-06,53.64,53.7,52.93,52.96,2038200.0
2012-08-03,53.43,53.87,53.24,53.36,2746600.0
2012-08-02,52.75,53.11,52.2,52.83,4659400.0
2012-08-01,52.81,52.81,52.81,52.81,2775600.0
2012-07-31,52.59,53.13,52.584,52.81,3664300.0
2012-07-30,52.89,53.41,52.54,52.81,2873500.0
2012-07-27,52.31,53.25,52.16,52.84,3650500.0
2012-07-26,52.07,52.59,51.562,52.05,3271200.0
2012-07-25,50.43,51.39,50.38,51.09,4663900.0
2012-07-24,50.8,50.96,49.76,50.12,3615200.0
2012-07-23,50.28,51.07,50.01,50.8,3487600.0
2012-07-20,51.03,51.62,50.46,51.14,4708600.0
2012-07-19,50.98,51.3,49.8,51.12,7569900.0
2012-07-18,50.56,52.32,50.46,52.11,3873800.0
2012-07-17,50.38,51.02,49.98,50.83,1704000.0
2012-07-16,50.59,50.59,49.87,50.29,1860000.0
2012-07-13,49.52,50.78,49.52,50.69,2620500.0
2012-07-12,49.95,49.98,49.28,49.53,3548200.0
2012-07-11,50.81,50.99,49.91,50.3,3108400.0
2012-07-10,51.41,51.97,50.44,50.89,3104500.0
2012-07-09,51.07,51.39,50.81,51.05,1974300.0
2012-07-06,51.25,51.79,50.98,51.37,1614700.0
2012-07-05,52.35,52.7,52.19,52.35,1960500.0
2012-07-03,52.01,52.67,51.87,52.66,1613400.0
2012-07-02,52.08,52.19,51.45,52.09,2654400.0
2012-06-29,50.86,52.08,50.82,52.08,3583600.0
2012-06-28,50.12,50.29,49.18,49.93,3286100.0
2012-06-27,50.14,50.95,50.14,50.64,2115700.0
2012-06-26,50.49,50.645,49.82,50.32,2285500.0
2012-06-25,50.95,51.06,50.42,50.55,2272900.0
2012-06-22,51.53,51.69,51.2,51.52,6174300.0
2012-06-21,52.74,52.76,51.13,51.21,3052500.0
2012-06-20,52.74,52.96,52.15,52.58,2767900.0
2012-06-19,52.15,53.0,52.04,52.82,2199100.0
2012-06-18,51.31,52.055,51.04,51.89,2225800.0
2012-06-15,51.68,51.97,51.36,51.69,4331500.0
2012-06-14,50.95,51.56,50.81,51.41,2454400.0
2012-06-13,51.18,51.51,50.71,50.93,2187400.0
2012-06-12,50.93,51.52,50.47,51.48,2804800.0
2012-06-11,51.79,52.05,50.69,50.76,2864300.0
2012-06-08,50.84,51.56,50.77,51.51,2664600.0
2012-06-07,51.99,52.31,51.02,51.12,3724400.0
2012-06-06,50.57,51.32,50.27,51.32,2630600.0
2012-06-05,49.9,50.5,49.56,50.31,3622500.0
2012-06-04,49.79,50.17,49.66,50.03,4468500.0
2012-06-01,50.92,51.02,49.82,49.82,5234600.0
2012-05-31,52.13,52.32,51.32,51.97,3982900.0
2012-05-30,52.8,52.91,52.17,52.17,2196900.0
2012-05-29,53.15,53.69,53.05,53.46,2377500.0
2012-05-25,52.83,53.19,52.59,52.76,2104100.0
2012-05-24,52.86,53.09,52.48,52.83,2438700.0
2012-05-23,51.74,52.88,51.54,52.75,5241500.0
2012-05-22,52.72,53.03,51.78,52.11,3907500.0
2012-05-21,51.76,52.76,51.61,52.68,3203100.0
2012-05-18,52.23,52.56,51.34,51.57,5033800.0
2012-05-17,52.44,52.58,51.88,51.88,3333200.0
2012-05-16,53.26,53.37,52.42,52.44,4575400.0
2012-05-15,53.14,54.03,52.76,52.91,3821700.0
2012-05-14,53.2,53.79,52.95,53.07,2535300.0
2012-05-11,53.42,54.36,53.25,53.66,1837200.0
2012-05-10,54.34,54.55,53.59,53.73,3119500.0
2012-05-09,53.49,54.57,53.31,53.86,4409200.0
2012-05-08,53.23,54.32,52.77,54.17,3526800.0
2012-05-07,54.23,54.23,53.44,53.63,1798000.0
2012-05-04,53.57,53.73,53.11,53.6,2780400.0
2012-05-03,54.53,54.59,53.79,53.91,1418600.0
2012-05-02,54.2,54.59,54.0,54.46,1793300.0
2012-05-01,54.02,55.0,53.71,54.59,2019400.0
2012-04-30,54.56,54.6,53.735,54.22,2310300.0
2012-04-27,54.39,54.8,54.28,54.69,2603500.0
2012-04-26,53.27,54.17,53.23,54.11,2280500.0
2012-04-25,53.63,53.9,53.27,53.4,2731900.0
2012-04-24,52.95,53.37,52.85,53.2,3171600.0
2012-04-23,52.53,52.91,52.16,52.73,3932300.0
2012-04-20,53.32,53.585,53.01,53.14,4622900.0
2012-04-19,53.27,54.18,52.54,53.0,6176100.0
2012-04-18,54.44,54.85,54.41,54.69,2088800.0
2012-04-17,54.37,55.08,54.17,54.79,2197000.0
2012-04-16,54.19,54.46,53.81,54.04,2013600.0
2012-04-13,54.24,54.56,53.84,53.88,2036900.0
2012-04-12,53.89,54.72,53.83,54.49,2119700.0
2012-04-11,53.59,54.095,53.46,53.9,2930900.0
2012-04-10,54.7,54.79,52.56,52.83,4283100.0
2012-04-09,54.43,54.89,54.21,54.59,2155300.0
2012-04-05,54.94,55.38,54.9,55.12,2389000.0
2012-04-04,55.15,55.4,55.05,55.25,2120200.0
2012-04-03,55.99,56.14,55.39,55.84,2656100.0
2012-04-02,56.0,56.45,55.5976,56.07,2651700.0
2012-03-30,55.34,56.05,55.16,56.0,3642300.0
2012-03-29,54.24,55.14,54.16,55.03,2435200.0
2012-03-28,55.23,55.34,54.37,54.77,2536400.0
2012-03-27,55.07,55.45,54.98,55.29,2225800.0
2012-03-26,54.71,55.03,54.5,55.0,2348900.0
2012-03-23,54.58,54.63,53.94,54.37,2331200.0
2012-03-22,54.17,54.64,53.62,54.45,3032300.0
2012-03-21,54.62,54.87,54.345,54.67,1375300.0
2012-03-20,54.53,54.65,54.23,54.58,2079700.0
2012-03-19,54.84,55.13,54.71,54.92,1666000.0
2012-03-16,55.0,55.17,54.69,55.0,4092900.0
2012-03-15,54.51,54.97,54.28,54.95,1788300.0
2012-03-14,54.8,54.9,54.29,54.48,1968800.0
2012-03-13,53.99,54.8,53.851,54.77,2778200.0
2012-03-12,53.5,53.79,53.19,53.65,2001600.0
2012-03-09,53.11,53.64,52.95,53.35,1991400.0
2012-03-08,52.98,53.24,52.81,53.01,1749800.0
2012-03-07,52.49,52.54,52.04,52.51,2545700.0
2012-03-06,52.08,52.82,52.08,52.2,3141100.0
2012-03-05,53.08,53.22,52.79,53.15,2281300.0
2012-03-02,52.83,53.56,52.63,53.35,2710800.0
2012-03-01,52.86,53.28,52.57,52.88,2728300.0
2012-02-29,53.38,53.71,52.76,52.83,4715700.0
2012-02-28,53.16,53.57,52.93,53.37,2536000.0
2012-02-27,53.13,53.57,52.8,53.19,2641800.0
2012-02-24,53.45,53.502,53.12,53.32,2083000.0
2012-02-23,53.15,53.61,52.74,53.48,2889900.0
2012-02-22,53.09,53.3,52.82,53.11,2274400.0
2012-02-21,52.82,53.26,52.6301,53.22,2926700.0
2012-02-17,52.55,52.71,52.18,52.43,2387300.0
2012-02-16,51.99,52.46,51.06,52.39,3163400.0
2012-02-15,51.79,51.89,51.1209,51.22,3117400.0
2012-02-14,51.69,51.95,51.35,51.73,2872400.0
2012-02-13,52.0,52.12,51.6,51.91,3771700.0
2012-02-10,51.83,51.98,51.31,51.53,4208600.0
2012-02-09,52.12,52.47,51.92,52.31,4872400.0
2012-02-08,52.37,52.49,51.9,52.04,3734100.0
2012-02-07,52.48,52.77,52.14,52.44,1806100.0
2012-02-06,52.52,52.98,52.5,52.82,1474300.0
2012-02-03,53.3,53.37,52.74,52.87,3119600.0
2012-02-02,53.0,53.36,52.58,52.65,2763700.0
2012-02-01,52.8,53.6,52.61,52.96,4958600.0
2012-01-31,52.25,53.2,51.9,52.51,4331400.0
2012-01-30,51.9,52.43,51.5,52.43,3358100.0
2012-01-27,52.22,52.6099,52.1,52.26,2964000.0
2012-01-26,53.13,53.19,52.42,52.64,3345900.0
2012-01-25,52.59,53.2,52.26,53.03,2892900.0
2012-01-24,51.53,52.89,51.36,52.8,4332400.0
2012-01-23,51.4,51.98,51.37,51.9,3564300.0
2012-01-20,51.58,51.75,51.2,51.34,3004500.0
2012-01-19,51.78,51.79,51.28,51.52,2056800.0
2012-01-18,50.68,51.64,50.62,51.58,2771500.0
2012-01-17,50.99,51.44,50.65,50.83,2474300.0
2012-01-13,50.29,50.57,50.04,50.49,2532400.0
2012-01-12,50.5,50.9,50.245,50.8,2769800.0
2012-01-11,49.58,50.4,49.47,50.26,3016700.0
2012-01-10,49.01,49.87,48.9101,49.74,3502600.0
2012-01-09,48.32,48.64,47.9,48.58,2136700.0
2012-01-06,48.48,48.69,47.9,48.33,2072100.0
2012-01-05,47.99,48.63,47.5,48.59,3456500.0
2012-01-04,48.39,48.44,47.849,48.36,2333300.0
2012-01-03,48.04,48.9,48.03,48.45,2771500.0
2011-12-30,47.31,47.44,47.0,47.04,1654000.0
2011-12-29,46.86,47.54,46.83,47.48,1681800.0
2011-12-28,47.54,47.91,46.72,46.85,1871000.0
2011-12-27,47.78,47.97,47.41,47.66,1594500.0
2011-12-23,47.11,47.79,46.92,47.78,2099900.0
2011-12-22,47.19,47.54,46.84,46.98,4135000.0
2011-12-21,48.09,48.13,46.65,47.14,2895000.0
2011-12-20,47.05,48.05,46.66,47.98,2859500.0
2011-12-19,46.69,46.87,46.0201,46.21,2723400.0
2011-12-16,46.61,47.06,46.052,46.37,5087400.0
2011-12-15,46.42,46.8,46.05,46.18,4120200.0
2011-12-14,45.25,46.15,45.12,45.97,5158700.0
2011-12-13,45.55,46.38,45.06,45.36,4743400.0
2011-12-12,46.26,46.36,45.35,45.68,3133100.0
2011-12-09,46.06,47.05,45.915,46.92,3175100.0
2011-12-08,46.95,47.05,45.77,45.91,3398500.0
2011-12-07,47.73,47.79,46.67,47.34,3953100.0
2011-12-06,47.8,48.29,47.16,48.01,3573000.0
2011-12-05,48.45,48.47,47.245,47.63,3551900.0
2011-12-02,48.65,48.82,47.45,47.5,4875900.0
2011-12-01,48.43,49.0,48.26,48.41,2649000.0
2011-11-30,48.26,48.86,48.1,48.38,5237800.0
2011-11-29,46.62,47.065,46.3,46.55,2696000.0
2011-11-28,46.02,46.58,45.73,46.27,3881200.0
2011-11-25,44.44,45.34,44.39,44.56,1134500.0
2011-11-23,45.51,45.7,44.66,44.66,3164600.0
2011-11-22,46.0,46.5,45.49,46.04,2640900.0
2011-11-21,46.49,46.64,45.72,46.22,2324100.0
2011-11-18,47.5,47.66,46.87,47.32,2752800.0
2011-11-17,47.98,48.13,46.54,47.04,4009300.0
2011-11-16,48.83,49.435,48.15,48.23,3598500.0
2011-11-15,49.02,49.86,48.63,49.49,2559000.0
2011-11-14,49.5,49.73,49.02,49.27,1828000.0
2011-11-11,49.29,50.15,49.065,49.71,2207800.0
2011-11-10,48.67,49.15,48.3,48.59,4068600.0
2011-11-09,48.28,48.97,47.9,48.04,4069400.0
2011-11-08,49.23,49.72,48.7,49.62,3060600.0
2011-11-07,48.57,49.1,48.01,49.02,3014500.0
2011-11-04,48.56,48.94,47.85,48.75,2798300.0
2011-11-03,49.2,49.21,48.43,49.04,4886300.0
2011-11-02,48.92,48.92,47.91,48.49,3093100.0
2011-11-01,47.03,48.01,46.42,47.35,6080100.0
2011-10-31,50.1299,50.5,48.32,48.35,5433500.0
2011-10-28,49.77,50.975,49.55,50.86,5195400.0
2011-10-27,49.16,50.17,48.97,49.67,4447600.0
2011-10-26,48.0099,48.25,47.16,47.81,4645600.0
2011-10-25,47.74,48.01,47.09,47.42,4587700.0
2011-10-24,46.89,48.39,46.75,48.28,5331600.0
2011-10-21,45.6801,47.28,45.6801,46.91,5085800.0
2011-10-20,44.39,45.79,44.13,45.29,4341000.0
2011-10-19,44.92,45.41,43.97,44.08,4553900.0
2011-10-18,43.83,45.495,43.69,45.1,4545600.0
2011-10-17,45.42,45.42,43.85,43.97,2689200.0
2011-10-14,45.49,45.9,44.77,45.38,3189000.0
2011-10-13,44.72,45.0,43.89,44.85,2995600.0
2011-10-12,44.51,45.86,44.36,45.13,4313000.0
2011-10-11,43.83,44.35,43.71,44.15,2961300.0
2011-10-10,43.03,44.23,43.0,44.19,2462300.0
2011-10-07,42.32,42.84,41.88,42.28,6353600.0
2011-10-06,41.73,42.69,41.33,42.66,4788600.0
2011-10-05,41.48,41.9,40.87,41.72,4641400.0
2011-10-04,40.07,41.31,39.34,41.22,7205600.0
2011-10-03,41.73,42.04,40.39,40.42,6514300.0
2011-09-30,42.7,43.24,41.94,41.94,4941100.0
2011-09-29,43.61,43.91,42.63,43.53,4458300.0
2011-09-28,44.07,44.46,42.7,42.76,4236200.0
2011-09-27,44.25,45.15,44.03,44.25,3922800.0
2011-09-26,43.21,43.51,41.94,43.48,4275200.0
2011-09-23,42.42,43.3,42.33,42.71,4851400.0
2011-09-22,43.35,43.41,41.99,42.72,7156400.0
2011-09-21,46.11,46.4698,44.74,44.78,3825900.0
2011-09-20,45.86,46.78,45.78,46.24,4300700.0
2011-09-19,45.26,46.26,44.7,46.01,3591000.0
2011-09-16,45.94,46.91,45.64,45.94,9272100.0
2011-09-15,46.0,46.55,45.55,46.34,5010400.0
2011-09-14,44.17,44.17,44.17,44.17,5744100.0
2011-09-13,43.71,44.56,43.43,44.17,5890800.0
2011-09-12,42.44,43.61,41.44,43.57,7008600.0
2011-09-09,42.99,43.73,42.32,42.59,6428700.0
2011-09-08,43.85,44.335,43.3,43.49,4519900.0
2011-09-07,43.65,44.25,43.38,44.24,4191300.0
2011-09-06,41.97,43.03,41.36,42.93,4625700.0
2011-09-02,43.51,43.8225,42.82,43.05,3424700.0
2011-09-01,45.61,45.97,44.37,44.61,5019500.0
2011-08-31,45.43,46.14,45.33,45.81,6455200.0
2011-08-30,44.1,45.27,43.66,45.05,5290300.0
2011-08-29,43.51,44.28,43.435,44.27,3076700.0
2011-08-26,41.73,43.14,40.9,42.89,4455800.0
2011-08-25,43.43,43.51,41.85,41.97,4476200.0
2011-08-24,41.77,43.32,41.4108,43.22,6023700.0
2011-08-23,40.42,41.77,39.89,41.75,5197800.0
2011-08-22,41.76,41.88,40.4,40.54,3880000.0
2011-08-19,40.55,41.76,40.51,40.72,4960600.0
2011-08-18,42.31,42.45,40.78,41.12,6145700.0
2011-08-17,44.56,44.7325,43.27,43.64,2895200.0
2011-08-16,44.15,44.69,43.76,44.16,4553500.0
2011-08-15,44.39,45.2,44.17,44.72,3465600.0
2011-08-12,43.35,43.35,43.35,43.35,4784300.0
2011-08-11,41.65,43.92,41.39,43.35,7675300.0
2011-08-10,42.22,43.08,41.05,41.44,10629900.0
2011-08-09,41.79,43.14,40.28,42.98,9353600.0
2011-08-08,42.9,43.565,41.05,41.19,12444800.0
2011-08-05,44.68,45.16,43.37,44.5,9320100.0
2011-08-04,45.78,46.16,44.14,44.15,7504800.0
2011-08-03,46.48,47.01,45.475,46.8,5774300.0
2011-08-02,47.83,48.0,44.98,46.57,8113200.0
2011-08-01,49.64,49.84,47.89,48.43,4518900.0
2011-07-29,48.35,49.4846,47.8,49.11,5766900.0
2011-07-28,49.24,49.645,48.75,48.85,5131500.0
2011-07-27,50.07,50.07,49.05,49.23,5748000.0
2011-07-26,50.4,51.44,50.24,50.4,5334100.0
2011-07-25,51.15,51.89,51.02,51.53,3174000.0
2011-07-22,52.45,52.5,51.36,51.69,3767100.0
2011-07-21,51.74,52.56,51.16,52.43,8085200.0
2011-07-20,53.38,53.54,52.66,53.11,3411100.0
2011-07-19,52.68,53.25,52.55,53.01,2525800.0
2011-07-18,52.35,52.65,52.04,52.48,3568800.0
2011-07-15,52.49,52.73,51.71,52.62,4725400.0
2011-07-14,53.49,53.8,52.36,52.48,3873000.0
2011-07-13,53.53,54.07,53.24,53.4,2475800.0
2011-07-12,53.28,53.87,53.03,53.29,2850800.0
2011-07-11,53.82,54.24,53.35,53.5,2323600.0
2011-07-08,54.24,54.61,53.9901,54.54,2447200.0
2011-07-07,55.26,55.66,54.97,55.05,3347500.0
2011-07-06,54.34,54.88,54.06,54.68,3027000.0
2011-07-05,54.32,54.59,53.88,54.38,2918900.0
2011-07-01,52.96,55.25,52.92,54.52,4463500.0
2011-06-30,52.4,53.52,52.35,52.99,3868700.0
2011-06-29,52.28,52.54,51.78,52.14,3109200.0
2011-06-28,51.29,52.15,51.13,52.14,4171500.0
2011-06-27,51.01,51.45,50.75,51.14,3696700.0
2011-06-24,52.18,52.2,51.06,51.31,5171400.0
2011-06-23,51.88,52.23,51.29,52.18,4899700.0
2011-06-22,52.96,53.46,52.7,52.84,3982400.0
2011-06-21,52.39,53.125,51.94,53.07,5184600.0
2011-06-20,51.71,52.14,51.45,51.99,4387400.0
2011-06-17,51.99,52.35,51.65,51.84,5479900.0
2011-06-16,51.65,51.98,51.1,51.61,5061000.0
2011-06-15,51.79,52.17,51.33,51.72,13602800.0
2011-06-14,50.97,52.63,50.83,52.36,6599800.0
2011-06-13,51.54,51.75,51.2,51.33,2689100.0
2011-06-10,52.17,52.24,51.38,51.47,4069600.0
2011-06-09,51.83,52.44,51.67,52.34,2639200.0
2011-06-08,51.7,52.08,51.38,51.75,2390400.0
2011-06-07,51.82,52.33,51.75,51.94,2751100.0
2011-06-06,51.69,52.02,51.47,51.62,2127800.0
2011-06-03,52.0,52.33,51.78,51.89,3398600.0
2011-06-02,52.39,53.08,52.11,52.89,3442200.0
2011-06-01,54.36,54.46,52.38,52.44,3742500.0
2011-05-31,54.86,55.03,53.77,54.53,3493700.0
2011-05-27,53.98,54.67,53.86,54.44,2287300.0
2011-05-26,53.86,53.86,53.27,53.64,2788700.0
2011-05-25,52.89,54.15,52.82,53.91,3294900.0
2011-05-24,53.8,54.11,53.11,53.25,2559800.0
2011-05-23,54.66,54.66,54.66,54.66,2178400.0
2011-05-20,55.19,55.19,54.41,54.66,2288400.0
2011-05-19,55.17,55.73,54.89,55.22,3547300.0
2011-05-18,53.65,54.93,53.5,54.89,3750500.0
2011-05-17,53.81,53.88,53.04,53.55,4126600.0
2011-05-16,53.71,54.31,53.59,53.99,3453500.0
2011-05-13,54.45,54.74,53.8,53.86,2627600.0
2011-05-12,53.97,54.41,53.33,54.34,3220100.0
2011-05-11,54.89,55.18,53.83,54.01,3195500.0
2011-05-10,54.8,55.14,54.54,55.07,2369200.0
2011-05-09,54.18,54.8,53.98,54.64,1552500.0
2011-05-06,54.65,54.93,53.68,54.22,3375300.0
2011-05-05,54.72,54.97,53.88,54.14,3475300.0
2011-05-04,55.29,55.58,54.49,54.99,4188700.0
2011-05-03,55.15,55.3,54.51,55.27,2589300.0
2011-05-02,55.61,55.82,54.92,55.24,2517000.0
2011-04-29,55.84,56.09,55.17,55.24,3382500.0
2011-04-28,55.07,55.94,54.9,55.77,4946500.0
2011-04-27,54.48,55.64,54.1701,55.27,6282100.0
2011-04-26,52.6,54.52,52.58,54.26,4100000.0
2011-04-25,52.35,53.61,52.34,52.44,2909700.0
2011-04-21,54.41,54.87,52.57,53.18,4674000.0
2011-04-20,53.7,53.7,53.115,53.56,3919800.0
2011-04-19,52.28,52.72,51.87,52.64,2473500.0
2011-04-18,51.87,52.4,51.19,52.01,3368600.0
2011-04-15,52.09,52.91,52.01,52.71,3076100.0
2011-04-14,51.8,52.12,51.31,51.92,1820700.0
2011-04-13,51.57,52.41,51.57,52.16,3102400.0
2011-04-12,51.4,51.69,51.22,51.6,2623800.0
2011-04-11,51.48,51.73,51.4,51.73,2723400.0
2011-04-08,52.24,52.34,51.29,51.55,1790400.0
2011-04-07,52.05,52.31,51.58,52.05,1828700.0
2011-04-06,52.41,52.48,51.63,52.17,2166500.0
2011-04-05,52.11,52.61,51.92,52.27,2104200.0
2011-04-04,52.57,52.7,52.11,52.3,2801200.0
2011-04-01,52.27,53.01,52.07,52.57,2553500.0
2011-03-31,51.81,52.18,51.59,51.9,2382600.0
2011-03-30,52.07,52.24,51.8,51.96,1930300.0
2011-03-29,51.36,51.93,50.9,51.93,2251500.0
2011-03-28,51.94,52.37,51.49,51.54,1693000.0
2011-03-25,51.76,52.0,51.26,51.91,2584900.0
2011-03-24,51.65,51.76,50.8515,51.57,2411200.0
2011-03-23,51.115,51.77,50.88,51.47,2944500.0
2011-03-22,51.4,51.59,51.08,51.27,2473500.0
2011-03-21,51.08,51.61,50.83,51.29,2577500.0
2011-03-18,50.42,50.87,50.18,50.41,4256300.0
2011-03-17,50.06,50.48,49.63,49.83,3926500.0
2011-03-16,50.43,50.93,48.96,49.43,6029200.0
2011-03-15,49.51,50.74,49.41,50.45,4141000.0
2011-03-14,50.94,51.065,50.51,50.95,2887500.0
2011-03-11,50.425,51.58,50.27,51.4,3239100.0
2011-03-10,51.06,51.1,50.27,50.41,3139800.0
2011-03-09,51.31,51.985,50.84,51.65,2883200.0
2011-03-08,50.42,51.65,50.2,51.49,2979300.0
2011-03-07,51.0,51.09,49.86,50.14,2280700.0
2011-03-04,51.09,51.1199,50.33,50.76,2721200.0
2011-03-03,50.7,51.36,50.7,51.09,3362300.0
2011-03-02,49.29,50.44,49.29,50.23,3797900.0
2011-03-01,50.69,50.83,49.42,49.42,4040000.0
2011-02-28,50.38,50.77,50.16,50.6,4566000.0
2011-02-25,50.11,50.59,49.92,50.51,2257100.0
2011-02-24,49.2701,49.95,49.24,49.76,3832800.0
2011-02-23,50.35,50.61,49.08,49.59,3887000.0
2011-02-22,50.75,51.43,50.36,50.47,3051100.0
2011-02-18,51.21,51.83,51.08,51.79,2872300.0
2011-02-17,50.98,51.37,50.83,51.15,3465200.0
2011-02-16,51.5,51.865,51.19,51.26,2371100.0
2011-02-15,51.14,51.52,51.03,51.4,3170900.0
2011-02-14,51.52,51.64,51.0,51.39,2542200.0
2011-02-11,50.71,52.21,50.71,51.61,7277300.0
2011-02-10,49.67,51.03,49.66,51.01,4507300.0
2011-02-09,49.49,50.03,49.33,49.84,2491400.0
2011-02-08,49.59,50.36,49.46,49.74,4853800.0
2011-02-07,50.04,50.29,48.93,49.03,9562200.0
2011-02-04,47.62,48.2,47.51,47.98,2808600.0
2011-02-03,47.59,47.595,47.08,47.45,2902800.0
2011-02-02,47.45,47.86,47.2,47.68,2501000.0
2011-02-01,46.44,47.73,46.25,47.59,4713600.0
2011-01-31,46.09,46.31,45.63,46.06,4530600.0
2011-01-28,46.56,46.85,45.65,46.05,4546000.0
2011-01-27,46.9875,47.61,46.33,46.65,5104900.0
2011-01-26,47.48,47.75,46.93,47.3,3412900.0
2011-01-25,47.31,47.36,46.61,47.18,2100500.0
2011-01-24,46.41,47.37,46.26,47.37,2779900.0
2011-01-21,46.94,47.1,46.23,46.3,3092200.0
2011-01-20,46.72,46.93,46.02,46.26,3706900.0
2011-01-19,47.29,47.46,46.82,47.03,2226800.0
2011-01-18,47.35,47.5,47.15,47.42,2150000.0
2011-01-14,46.84,47.24,46.55,47.15,2607200.0
2011-01-13,47.12,47.3,46.77,46.89,1820200.0
2011-01-12,47.08,47.41,46.96,47.1,2504500.0
2011-01-11,46.6,46.87,46.39,46.68,3303200.0
2011-01-10,46.445,46.75,46.08,46.28,3054400.0
2011-01-07,47.04,47.44,46.56,46.87,2100000.0
2011-01-06,46.9,47.12,46.66,46.9,3523700.0
2011-01-05,46.82,47.27,46.7,46.87,3273300.0
2011-01-04,47.4,47.41,46.335,46.92,2997300.0
2011-01-03,47.51,47.96,47.18,47.19,2801900.0
2010-12-31,47.14,47.17,46.83,47.17,1086900.0
2010-12-30,47.15,47.34,47.06,47.14,886400.0
2010-12-29,47.31,47.48,47.16,47.16,1632900.0
2010-12-28,47.35,47.38,46.85,47.24,1041300.0
2010-12-27,46.99,47.31,46.79,47.2,1157800.0
2010-12-23,47.2,47.32,47.0,47.13,1514400.0
2010-12-22,47.43,47.59,47.02,47.13,1819000.0
2010-12-21,46.5,47.46,46.5,47.37,2968500.0
2010-12-20,46.75,46.97,46.4,46.78,2053000.0
2010-12-17,46.75,46.98,46.28,46.8,3421100.0
2010-12-16,45.18,46.85,45.18,46.79,4256800.0
2010-12-15,45.78,46.41,45.72,45.91,5658100.0
2010-12-14,45.8,45.9,45.54,45.73,3780300.0
2010-12-13,46.33,46.87,45.74,45.79,5392600.0
2010-12-10,45.63,46.0,45.5,45.87,1793600.0
2010-12-09,45.7,45.75,45.36,45.51,1334200.0
2010-12-08,45.45,45.82,45.22,45.47,2362800.0
2010-12-07,45.04,45.84,44.98,45.35,4366400.0
2010-12-06,44.57,44.97,44.39,44.74,2793500.0
2010-12-03,44.25,44.625,44.08,44.58,2664200.0
2010-12-02,44.07,44.86,44.05,44.5,2714800.0
2010-12-01,43.91,44.24,43.87,44.12,2773600.0
2010-11-30,42.81,43.39,42.66,43.25,3729300.0
2010-11-29,43.65,43.78,42.92,43.33,2644700.0
2010-11-26,43.75,44.09,43.55,43.97,957000.0
2010-11-24,43.26,44.28,43.23,44.24,2505300.0
2010-11-23,43.11,43.22,42.7401,43.05,1902700.0
2010-11-22,43.42,43.69,43.16,43.65,2068500.0
2010-11-19,43.1,43.72,42.73,43.69,3085700.0
2010-11-18,43.03,43.575,42.98,43.23,3332300.0
2010-11-17,42.83,42.89,42.43,42.58,2992900.0
2010-11-16,43.57,43.57,42.49,42.8,3043100.0
2010-11-15,43.76,44.23,43.67,43.78,2441500.0
2010-11-12,43.77,44.18,43.34,43.55,2660300.0
2010-11-11,43.13,44.13,42.97,44.09,3169300.0
2010-11-10,43.44,43.74,43.3,43.68,3906600.0
2010-11-09,44.6,44.71,43.29,43.4,6564900.0
2010-11-08,44.68,44.68,44.03,44.29,3342700.0
2010-11-05,44.55,45.0,44.45,45.0,2599800.0
2010-11-04,43.97,44.97,43.97,44.7,3752400.0
2010-11-03,43.7,43.86,43.12,43.8,2983100.0
2010-11-02,43.61,43.8,43.41,43.68,1997300.0
2010-11-01,43.38,43.8,42.88,43.2,2330400.0
2010-10-29,42.82,43.26,42.51,43.25,3229600.0
2010-10-28,43.13,43.35,42.58,43.07,3234900.0
2010-10-27,42.54,42.94,42.4,42.89,2726900.0
2010-10-26,42.61,43.09,42.49,42.97,2868500.0
2010-10-25,43.2,43.39,42.75,42.86,4913700.0
2010-10-22,43.37,43.37,42.85,43.18,2587800.0
2010-10-21,42.5,43.47,42.485,43.37,6354000.0
2010-10-20,41.35,41.72,41.28,41.59,4064700.0
2010-10-19,41.55,41.72,40.99,41.21,3247300.0
2010-10-18,41.99,42.3501,41.71,41.97,2833200.0
2010-10-15,42.34,42.39,41.55,41.92,3076700.0
2010-10-14,42.05,42.21,41.57,41.84,4393900.0
2010-10-13,41.65,42.19,41.46,42.03,3582600.0
2010-10-12,41.09,41.58,40.59,41.36,3097700.0
2010-10-11,41.45,41.46,41.05,41.3,1741600.0
2010-10-08,40.89,41.51,40.73,41.39,3253000.0
2010-10-07,40.96,41.03,40.48,40.72,2457400.0
2010-10-06,40.68,41.13,40.68,40.88,2998300.0
2010-10-05,40.03,40.89,40.03,40.78,3615200.0
2010-10-04,40.21,40.4,39.53,39.72,4103300.0
2010-10-01,40.95,41.04,40.04,40.4,4866400.0
2010-09-30,40.99,41.38,40.4,40.61,5212400.0
2010-09-29,41.21,41.38,40.53,40.57,4613000.0
2010-09-28,41.0,41.56,40.5,41.45,4239300.0
2010-09-27,41.14,41.16,40.58,40.8,2201900.0
2010-09-24,40.44,41.32,40.44,41.23,3154200.0
2010-09-23,40.35,40.7,39.99,40.11,2328400.0
2010-09-22,40.98,41.09,40.37,40.64,2545400.0
2010-09-21,41.13,41.44,40.85,41.04,2740500.0
2010-09-20,41.04,41.26,40.61,41.13,2612500.0
2010-09-17,40.38,40.89,40.015,40.78,4584900.0
2010-09-16,39.85,40.26,39.78,40.17,2542000.0
2010-09-15,40.11,40.28,39.86,40.05,2684700.0
2010-09-14,40.01,40.5,39.91,40.19,2714500.0
2010-09-13,39.9,40.4,39.9,40.2,2695500.0
2010-09-10,39.6,39.7,39.36,39.59,1935400.0
2010-09-09,39.88,39.99,39.29,39.49,2297000.0
2010-09-08,39.03,39.89,39.03,39.42,5275000.0
2010-09-07,39.1,39.31,38.91,39.14,3903900.0
2010-09-03,38.68,39.5,38.68,39.23,3513600.0
2010-09-02,38.0,38.53,37.95,38.46,3363900.0
2010-09-01,36.72,38.135,36.72,38.0,5476000.0
2010-08-31,36.34,36.585,35.91,36.33,5013400.0
2010-08-30,36.72,36.93,36.34,36.34,3140000.0
2010-08-27,36.1,36.81,35.6,36.74,3215300.0
2010-08-26,36.25,36.68,35.77,35.88,2998300.0
2010-08-25,35.53,36.19,35.24,36.03,4258400.0
2010-08-24,35.9,36.16,35.36,35.74,4047500.0
2010-08-23,36.29,36.69,36.11,36.35,3863200.0
2010-08-20,36.04,36.48,35.94,36.33,4011600.0
2010-08-19,37.22,37.22,36.16,36.36,3476100.0
2010-08-18,37.59,37.63,37.12,37.35,2863200.0
2010-08-17,37.43,37.89,37.18,37.6,3336000.0
2010-08-16,37.03,37.21,36.38,37.2,2769000.0
2010-08-13,37.03,37.3,36.95,37.02,2043500.0
2010-08-12,37.08,37.4529,36.94,37.21,2527700.0
2010-08-11,38.45,38.45,37.32,37.55,4211700.0
2010-08-10,38.8,39.09,38.5,38.92,2680000.0
2010-08-09,39.15,39.31,38.78,39.19,2466700.0
2010-08-06,39.43,39.53,38.68,39.02,4168000.0
2010-08-05,39.11,39.7,39.1,39.7,3532000.0
2010-08-04,38.74,39.5,38.73,39.39,3750200.0
2010-08-03,38.98,39.01,38.54,38.65,2892100.0
2010-08-02,38.86,39.08,38.6,39.01,5075000.0
2010-07-30,37.69,38.5,37.6,38.41,5382100.0
2010-07-29,38.31,38.55,37.95,38.28,4725500.0
2010-07-28,37.8999,38.43,37.76,38.02,5611500.0
2010-07-27,38.7,38.94,38.23,38.31,4414000.0
2010-07-26,38.1,38.72,38.0,38.6,5847600.0
2010-07-23,37.56,38.22,37.12,38.06,5894600.0
2010-07-22,37.98,38.73,36.75,37.46,9966300.0
2010-07-21,38.21,38.55,37.63,37.8,4494800.0
2010-07-20,37.3,38.17,37.14,38.12,3230300.0
2010-07-19,37.51,37.8,37.07,37.69,2551300.0
2010-07-16,38.05,38.24,37.32,37.41,4912700.0
2010-07-15,38.13,38.41,37.7,38.35,4097800.0
2010-07-14,37.9,38.32,37.67,38.09,3715100.0
2010-07-13,37.76,38.39,37.69,38.09,3375400.0
2010-07-12,37.61,37.865,37.15,37.52,2378600.0
2010-07-09,37.59,37.8,37.32,37.73,2969800.0
2010-07-08,37.21,37.65,37.08,37.55,3184000.0
2010-07-07,35.91,37.27,35.8001,37.21,4952800.0
2010-07-06,36.85,36.85,35.67,35.9,5668400.0
2010-07-02,36.8,36.946,36.1,36.25,4479600.0
2010-07-01,37.27,37.39,36.435,36.66,4983200.0
2010-06-30,37.45,37.95,37.01,37.12,4188600.0
2010-06-29,38.23,38.43,37.3,37.58,3648600.0
2010-06-28,39.07,39.36,38.62,38.82,1838400.0
2010-06-25,38.79,39.27,38.58,39.1,4395400.0
2010-06-24,39.43,39.43,38.65,38.77,3415000.0
2010-06-23,39.77,39.92,39.18,39.57,2321700.0
2010-06-22,40.47,40.83,39.6,39.65,3636800.0
2010-06-21,41.04,41.336,40.24,40.52,2808200.0
2010-06-18,40.63,40.87,40.54,40.71,3873000.0
2010-06-17,40.83,40.86,40.01,40.56,3400200.0
2010-06-16,40.45,40.84,40.29,40.72,2809600.0
2010-06-15,40.11,40.7,39.9,40.68,4181200.0
2010-06-14,39.79,40.15,39.435,39.66,1554150.0
2010-06-11,78.12,78.72,77.6903,78.67,3827400.0
2010-06-10,77.31,78.74,77.15,78.63,1597800.0
2010-06-09,76.98,77.79,75.89,76.19,2137900.0
2010-06-08,76.17,76.94,75.34,76.67,1619200.0
2010-06-07,77.94,77.94,76.05,76.12,2557700.0
2010-06-04,80.02,80.18,77.47,77.78,2333000.0
2010-06-03,81.8,82.25,81.14,81.49,1875900.0
2010-06-02,79.05,81.25,78.55,81.21,2581900.0
2010-06-01,78.55,80.35,78.31,78.78,2010500.0
2010-05-28,80.25,80.7,79.1,79.38,2124000.0
2010-05-27,79.88,80.55,79.15,80.5,2438400.0
2010-05-26,79.56,80.2,78.53,78.71,2709200.0
2010-05-25,77.04,79.0,76.63,78.87,2888100.0
2010-05-24,79.34,79.79,78.66,78.73,1995900.0
2010-05-21,77.48,80.87,77.19,79.9,3943100.0
2010-05-20,79.06,80.33,77.5,78.54,3399700.0
2010-05-19,82.43,82.49,79.43,80.73,4048600.0
2010-05-18,85.14,85.21,82.7504,82.94,2311300.0
2010-05-17,85.01,85.5,83.17,84.4,2349300.0
2010-05-14,85.37,85.8,83.85,85.03,2397700.0
2010-05-13,87.4,87.4,85.86,86.15,2503800.0
2010-05-12,85.23,87.53,85.0,87.42,3325200.0
2010-05-11,83.3,84.46,82.98,84.22,2719600.0
2010-05-10,82.24,84.26,82.1,84.16,2649400.0
2010-05-07,80.47,81.35,79.22,79.81,5297600.0
2010-05-06,81.98,83.14,75.32,80.27,3782000.0
2010-05-05,82.35,83.52,82.11,82.45,2850200.0
2010-05-04,84.49,84.49,82.18,83.13,3170800.0
2010-05-03,84.04,85.96,83.79,85.47,2845500.0
2010-04-30,85.35,85.49,83.98,84.28,3018200.0
2010-04-29,83.96,85.28,83.96,85.01,1770900.0
2010-04-28,83.72,84.23,83.21,83.51,2313400.0
2010-04-27,84.8,85.13,83.08,83.26,1769400.0
2010-04-26,85.5,85.5,84.65,85.0,2021600.0
2010-04-23,84.6,85.44,83.51,85.41,2590900.0
2010-04-22,83.38,85.16,82.2,84.39,5128000.0
2010-04-21,80.72,82.29,80.44,81.47,2835500.0
2010-04-20,80.82,81.39,80.4,80.82,2007700.0
2010-04-19,79.43,80.01,78.94,79.92,2093200.0
2010-04-16,80.97,81.13,79.55,79.83,2669100.0
2010-04-15,80.72,81.585,80.49,81.08,2261700.0
2010-04-14,79.21,81.02,78.91,80.9,2313700.0
2010-04-13,79.25,79.7,78.95,79.23,2838600.0
2010-04-12,80.48,80.53,80.02,80.36,1080200.0
2010-04-09,80.13,80.35,79.67,80.32,1210700.0
2010-04-08,80.39,80.49,79.59,79.85,1526300.0
2010-04-07,80.37,80.65,79.79,80.4,1984900.0
2010-04-06,80.64,80.76,80.33,80.57,1236500.0
2010-04-05,80.92,81.0,80.37,80.9,1166800.0
2010-04-01,80.13,80.97,80.06,80.63,1972200.0
2010-03-31,80.52,80.67,79.7,79.91,2252000.0
2010-03-30,80.16,81.1,79.6,80.88,4958700.0
2010-03-29,76.92,77.51,76.645,77.37,1547700.0
2010-03-26,76.54,77.43,76.43,76.62,1888800.0
2010-03-25,76.65,77.36,76.25,76.47,2119500.0
2010-03-24,77.08,77.19,76.3505,76.36,1630400.0
2010-03-23,77.46,77.46,77.46,77.46,1412000.0
2010-03-22,76.81,77.69,76.61,77.46,1130500.0
2010-03-19,78.38,78.38,76.73,76.98,2017800.0
2010-03-18,77.3,78.04,76.87,77.99,2005200.0
2010-03-17,78.21,78.39,77.2,77.41,2723800.0
2010-03-16,78.21,78.24,77.48,77.98,1862500.0
2010-03-15,77.79,78.12,77.29,78.02,1159200.0
2010-03-12,78.98,78.98,77.58,78.12,1334200.0
2010-03-11,77.49,78.28,76.95,78.28,2335900.0
2010-03-10,77.42,78.13,77.34,77.92,2168800.0
2010-03-09,76.54,77.6,76.54,77.55,2147500.0
2010-03-08,76.76,76.94,76.36,76.6,788300.0
2010-03-05,76.26,76.98,76.07,76.95,1026300.0
2010-03-04,75.29,75.99,75.16,75.89,1387100.0
2010-03-03,75.85,76.09,75.13,75.29,1056600.0
2010-03-02,75.47,75.71,75.245,75.52,1051000.0
2010-03-01,73.96,75.44,73.73,75.35,2338100.0
2010-02-26,74.37,74.82,73.89,73.97,2015200.0
2010-02-25,73.92,74.71,72.9,74.55,2187500.0
2010-02-24,74.94,74.97,73.91,74.52,2234500.0
2010-02-23,75.58,75.8,74.4,74.64,1749800.0
2010-02-22,76.29,76.29,75.21,75.75,1603100.0
2010-02-19,75.41,76.3,75.33,75.95,1947400.0
2010-02-18,75.3,75.72,75.14,75.49,1581600.0
2010-02-17,74.7,75.3,74.21,75.23,3719600.0
2010-02-16,72.54,73.56,72.17,73.5,1574400.0
2010-02-12,71.15,72.04,70.63,71.93,1866700.0
2010-02-11,70.74,71.95,70.12,71.9,1437100.0
2010-02-10,71.02,71.47,70.17,70.98,1549600.0
2010-02-09,70.92,71.29,70.13,70.89,2144000.0
2010-02-08,70.27,70.83,69.96,70.15,1983200.0
2010-02-05,70.76,71.25,69.8,71.01,3224400.0
2010-02-04,72.38,72.6,70.71,70.77,2025200.0
2010-02-03,72.5,73.14,72.01,72.88,1613600.0
2010-02-02,72.03,73.16,71.59,73.07,2112700.0
2010-02-01,71.63,71.95,71.09,71.85,2502600.0
2010-01-29,72.95,73.0,71.27,71.35,2268800.0
2010-01-28,72.23,73.98,71.77,72.86,2649100.0
2010-01-27,73.81,74.3,72.91,74.19,1474000.0
2010-01-26,74.45,74.7,73.74,74.06,1371600.0
2010-01-25,74.27,74.92,73.84,74.52,1703100.0
2010-01-22,74.45,74.64,73.42,73.45,1900200.0
2010-01-21,75.86,76.27,74.68,74.71,1644800.0
2010-01-20,76.27,76.33,75.45,75.99,1026900.0
2010-01-19,76.29,76.99,76.0,76.81,1456900.0
2010-01-15,77.25,77.65,76.06,76.21,1755300.0
2010-01-14,76.83,77.34,76.52,77.18,951100.0
2010-01-13,76.68,77.21,76.41,76.86,1259200.0
2010-01-12,77.2,77.85,76.44,76.67,1927300.0
2010-01-11,77.57,78.02,77.0,77.75,1781400.0
2010-01-08,75.42,76.98,74.83,76.88,2251200.0
2010-01-07,75.25,75.98,75.21,75.82,1663700.0
2010-01-06,74.77,75.28,74.19,75.2,1880500.0
2010-01-05,75.01,75.11,74.29,75.06,1706700.0
2010-01-04,75.48,75.68,74.5,75.15,1972200.0
2009-12-31,75.87,75.92,75.19,75.2,651900.0
2009-12-30,75.36,76.17,75.36,75.78,859100.0
2009-12-29,75.6,76.14,75.47,75.8,923200.0
2009-12-28,76.17,76.2,75.43,75.8,796100.0
2009-12-24,76.22,76.42,75.34,76.1,349900.0
2009-12-23,75.97,76.0,75.11,75.81,1303600.0
2009-12-22,76.26,76.56,75.51,75.64,1202900.0
2009-12-21,75.27,76.13,75.27,76.07,2488900.0
2009-12-18,74.5,75.27,74.39,75.16,3051600.0
2009-12-17,73.23,74.88,72.28,74.45,4113800.0
2009-12-16,72.88,73.61,72.46,72.86,1723200.0
2009-12-15,72.53,73.36,72.2,72.77,1499100.0
2009-12-14,72.42,73.11,72.18,72.89,1514000.0
2009-12-11,72.33,72.6,71.88,72.08,1161000.0
2009-12-10,71.69,72.51,71.31,72.14,1749700.0
2009-12-09,71.42,72.42,71.06,72.28,3600500.0
2009-12-08,71.88,71.88,70.76,71.35,1967300.0
2009-12-07,72.53,73.13,72.13,72.42,1534700.0
2009-12-04,72.09,73.01,71.07,72.43,2227700.0
2009-12-03,71.71,72.65,71.38,71.48,1170700.0
2009-12-02,72.05,72.74,71.7,71.86,1567400.0
2009-12-01,71.34,72.29,71.21,71.91,1842000.0
2009-11-30,70.98,71.29,70.28,70.92,2437000.0
2009-11-27,70.5,71.8,70.02,71.17,976700.0
2009-11-25,70.5,71.8,70.02,71.17,834900.0
2009-11-24,72.68,72.77,71.45,71.83,2070600.0
2009-11-23,72.14,72.83,72.13,72.53,1239100.0
2009-11-20,71.54,71.84,71.16,71.68,1651800.0
2009-11-19,71.65,72.21,70.97,71.67,1370000.0
2009-11-18,73.16,73.35,72.06,72.29,1638300.0
2009-11-17,72.96,73.36,72.63,73.36,1920200.0
2009-11-16,73.24,73.81,72.69,73.08,1591400.0
2009-11-13,72.3,72.96,71.83,72.59,1482500.0
2009-11-12,72.55,73.22,72.12,72.28,1222200.0
2009-11-11,72.95,72.95,71.9,72.43,1492200.0
2009-11-10,72.66,73.37,72.14,72.69,1464000.0
2009-11-09,72.17,72.89,72.06,72.55,1735000.0
2009-11-06,71.0,72.05,71.0,71.96,1999600.0
2009-11-05,70.59,71.87,70.34,71.52,1993000.0
2009-11-04,69.24,70.8,69.08,70.0,3014000.0
2009-11-03,68.47,68.99,68.02,68.98,2222500.0
2009-11-02,68.42,69.42,67.59,68.55,2779400.0
2009-10-30,68.86,69.37,67.85,68.23,3497100.0
2009-10-29,68.45,69.34,68.1,69.17,2915600.0
2009-10-28,68.71,68.81,67.55,67.8,2591900.0
2009-10-27,68.97,69.6,68.6,68.82,2976800.0
2009-10-26,70.05,70.99,68.795,69.03,3028100.0
2009-10-23,71.11,71.23,69.99,70.0,2246600.0
2009-10-22,72.49,72.78,70.36,71.13,3624400.0
2009-10-21,70.37,71.6,70.31,70.57,2148700.0
2009-10-20,70.04,70.77,69.738,70.63,1787600.0
2009-10-19,69.25,70.25,68.96,69.98,1495500.0
2009-10-16,68.71,69.6,68.45,69.25,1723800.0
2009-10-15,69.4,69.85,69.26,69.8,1472400.0
2009-10-14,68.99,69.67,68.45,69.65,1940400.0
2009-10-13,67.59,68.48,67.31,68.13,2318800.0
2009-10-12,68.18,68.34,67.3,67.83,1655000.0
2009-10-09,66.51,68.0,66.5,67.84,2198900.0
2009-10-08,65.99,66.83,65.97,66.56,1875600.0
2009-10-07,65.4,65.71,65.005,65.34,1774000.0
2009-10-06,65.55,66.5,65.34,65.52,2127300.0
2009-10-05,64.835,65.5,64.4,65.04,2332400.0
2009-10-02,64.89,65.28,64.39,64.74,2345000.0
2009-10-01,66.94,67.0,65.22,65.29,2753800.0
2009-09-30,67.52,67.76,66.08,67.32,2570800.0
2009-09-29,67.35,67.64,66.77,67.38,2017800.0
2009-09-28,66.48,67.53,66.14,67.11,1297800.0
2009-09-25,66.44,66.89,65.83,66.11,2704500.0
2009-09-24,67.91,68.12,66.52,66.69,2330100.0
2009-09-23,68.33,68.71,67.54,67.76,1822400.0
2009-09-22,67.66,67.66,67.66,67.66,2017600.0
2009-09-21,67.51,68.16,67.43,67.66,1558500.0
2009-09-18,68.81,69.0,68.11,68.15,2836300.0
2009-09-17,68.34,68.71,67.96,68.61,1960900.0
2009-09-16,67.82,68.395,67.48,68.34,1961900.0
2009-09-15,68.14,68.14,67.18,67.93,2184400.0
2009-09-14,66.8,68.16,66.37,67.94,2929700.0
2009-09-11,67.41,67.82,66.94,67.44,2096200.0
2009-09-10,66.61,67.4,66.19,67.4,2498400.0
2009-09-09,66.26,66.62,65.68,66.57,3365900.0
2009-09-08,66.37,66.6,64.71,65.87,3715100.0
2009-09-04,64.23,66.12,64.23,65.76,4466700.0
2009-09-03,63.5,64.64,63.11,64.15,5480200.0
2009-09-02,61.59,62.84,61.26,62.13,5056300.0
2009-09-01,60.34,61.67,60.2,60.42,2588900.0
2009-08-31,61.22,61.4,60.14,60.71,2837600.0
2009-08-28,63.05,63.05,61.36,61.59,2688300.0
2009-08-27,62.64,62.82,61.65,62.45,1685500.0
2009-08-26,62.5,62.75,61.83,62.38,1644200.0
2009-08-25,62.62,63.38,62.24,62.81,2405100.0
2009-08-24,61.99,62.54,61.73,62.31,2561300.0
2009-08-21,61.5,62.17,61.05,61.9,2225100.0
2009-08-20,60.42,60.81,60.15,60.75,1463900.0
2009-08-19,59.33,60.52,58.83,60.42,2634200.0
2009-08-18,59.11,59.87,58.96,59.85,1836300.0
2009-08-17,59.33,59.9,58.62,59.03,1739600.0
2009-08-14,60.03,60.12,59.22,60.1,2315800.0
2009-08-13,60.89,60.89,59.75,60.08,2386500.0
2009-08-12,60.29,61.18,60.23,60.61,1597800.0
2009-08-11,61.0,61.3,60.24,60.29,2283200.0
2009-08-10,61.56,61.75,60.98,61.34,1797800.0
2009-08-07,61.94,62.0,61.11,61.7,1741600.0
2009-08-06,61.34,61.65,60.82,61.23,2229400.0
2009-08-05,62.86,62.87,60.77,61.24,2753700.0
2009-08-04,62.09,62.67,61.48,62.5,1606000.0
2009-08-03,61.69,62.5,61.3,62.14,1831100.0
2009-07-31,60.65,62.195,60.65,61.24,2747800.0
2009-07-30,61.55,62.37,61.01,61.14,2767200.0
2009-07-29,60.86,61.2,60.23,60.78,1723300.0
2009-07-28,61.44,61.52,60.27,60.66,1644500.0
2009-07-27,62.54,62.56,61.32,61.84,1992800.0
2009-07-24,60.56,62.64,60.51,62.59,3095800.0
2009-07-23,61.4,62.59,60.22,60.58,5545600.0
2009-07-22,63.44,64.25,63.3,64.08,2261000.0
2009-07-21,63.96,64.14,63.17,63.8,1938500.0
2009-07-20,62.92,63.5,62.43,63.29,2534300.0
2009-07-17,62.09,62.09,61.25,61.31,1467600.0
2009-07-16,61.45,62.47,61.22,62.25,1478900.0
2009-07-15,60.22,61.49,60.01,61.29,1672000.0
2009-07-14,59.28,59.68,58.82,59.67,1141500.0
2009-07-13,58.46,59.24,57.76,59.19,2247000.0
2009-07-10,58.77,59.44,58.32,58.41,2152600.0
2009-07-09,58.02,58.39,57.76,58.09,965000.0
2009-07-08,58.1,58.52,57.04,57.76,2366500.0
2009-07-07,59.69,59.69,57.88,57.98,1931000.0
2009-07-06,59.06,59.48,58.59,59.48,2232900.0
2009-07-02,60.51,61.0,59.41,59.59,2755200.0
2009-07-01,62.2,62.42,60.98,61.17,2314600.0
2009-06-30,62.75,62.96,61.26,61.74,2190900.0
2009-06-29,62.58,63.29,62.4,62.77,1345200.0
2009-06-26,61.23,62.98,60.79,62.76,2659900.0
2009-06-25,59.9,61.87,59.76,61.72,1577900.0
2009-06-24,60.03,61.1,59.75,60.27,1573900.0
2009-06-23,59.67,59.81,59.01,59.5,1549600.0
2009-06-22,60.84,60.84,59.47,59.47,1404600.0
2009-06-19,61.91,62.13,61.11,61.2,1553500.0
2009-06-18,61.01,61.95,60.75,61.4,978300.0
2009-06-17,60.45,61.98,60.45,61.09,1676400.0
2009-06-16,62.2,62.2,60.61,60.62,1371800.0
2009-06-15,62.22,62.45,61.2,61.85,1801800.0
2009-06-12,63.03,63.03,62.0,62.77,1456600.0
2009-06-11,63.52,63.83,62.76,63.24,1349100.0
2009-06-10,64.23,64.9,62.36,63.17,1658600.0
2009-06-09,63.63,64.34,63.25,63.99,1431900.0
2009-06-08,63.55,64.06,62.72,63.68,1453100.0
2009-06-05,63.21,64.1,63.01,63.66,1595800.0
2009-06-04,62.26,63.14,62.04,62.95,1437600.0
2009-06-03,62.3,62.47,61.55,62.16,2336200.0
2009-06-02,63.11,63.22,62.23,62.77,1770800.0
2009-06-01,61.38,63.74,60.8,63.23,2059100.0
2009-05-29,60.17,60.42,59.39,60.35,2676000.0
2009-05-28,60.3,60.85,59.16,60.01,1855600.0
2009-05-27,61.17,61.6,60.13,60.29,2184000.0
2009-05-26,58.94,61.48,58.7,61.28,1872000.0
2009-05-22,59.02,59.8,58.79,59.22,1437000.0
2009-05-21,59.51,60.03,58.03,59.0,2591200.0
2009-05-20,60.54,61.45,60.0,60.37,2622500.0
2009-05-19,59.1,60.52,58.8,59.96,2102800.0
2009-05-18,58.45,59.39,58.03,59.39,2122100.0
2009-05-15,58.12,58.65,57.6,57.84,1880400.0
2009-05-14,58.25,58.83,57.95,58.12,1695200.0
2009-05-13,59.19,59.19,57.83,58.36,1663400.0
2009-05-12,60.53,60.74,59.17,60.1,1710400.0
2009-05-11,61.09,61.12,60.09,60.42,1521500.0
2009-05-08,61.31,62.0,60.48,61.38,1965500.0
2009-05-07,62.8,62.8,60.42,61.0,2218500.0
2009-05-06,62.73,62.75,61.21,62.15,2229300.0
2009-05-05,61.25,62.44,60.9,62.33,2485900.0
2009-05-04,59.25,61.34,58.49,61.34,2282100.0
2009-05-01,58.39,59.56,57.64,59.19,2062900.0
2009-04-30,59.18,59.8,57.82,58.44,3234000.0
2009-04-29,58.04,59.46,57.91,59.0,1779900.0
2009-04-28,57.67,58.23,57.19,57.5,2260900.0
2009-04-27,59.39,59.68,58.08,58.5,2906000.0
2009-04-24,58.45,60.78,58.1,60.43,3904300.0
2009-04-23,55.24,58.24,55.24,58.04,4786200.0
2009-04-22,53.98,56.46,53.66,55.04,2622000.0
2009-04-21,52.8,54.48,52.8,54.36,2103400.0
2009-04-20,54.4,54.65,52.96,53.19,1954800.0
2009-04-17,55.14,55.35,54.21,55.16,2942500.0
2009-04-16,53.8,55.14,53.32,54.91,3742100.0
2009-04-15,53.94,54.53,53.23,53.55,2736200.0
2009-04-14,55.04,55.45,54.21,54.42,2408000.0
2009-04-13,55.99,56.1,54.94,55.68,2156400.0
2009-04-09,54.87,56.83,54.63,56.58,2967400.0
2009-04-08,52.8,53.37,52.38,52.93,1879700.0
2009-04-07,53.78,53.82,52.69,52.8,2087800.0
2009-04-06,53.21,54.18,53.06,54.05,2273300.0
2009-04-03,53.81,54.12,53.33,53.84,2243600.0
2009-04-02,53.78,55.45,53.42,54.42,3765900.0
2009-04-01,52.02,52.92,51.18,52.51,4987800.0
2009-03-31,55.13,55.26,53.56,54.22,2667500.0
2009-03-30,54.41,54.62,53.39,53.85,2418100.0
2009-03-27,55.79,56.27,54.99,55.44,2028300.0
2009-03-26,56.41,56.67,55.29,56.43,3802800.0
2009-03-25,55.18,56.8998,54.29,55.58,2364300.0
2009-03-24,55.6,55.97,54.84,55.15,2104300.0
2009-03-23,54.74,56.3,54.25,56.18,3801500.0
2009-03-20,55.01,55.31,53.17,53.6,3252400.0
2009-03-19,56.49,56.84,54.64,54.73,4709300.0
2009-03-18,56.31,56.7797,54.35,55.99,5221600.0
2009-03-17,53.54,55.26,53.26,55.26,2370800.0
2009-03-16,53.77,55.18,53.77,54.04,3474500.0
2009-03-13,54.42,54.565,53.33,54.11,2665200.0
2009-03-12,51.95,54.67,51.61,54.42,4993000.0
2009-03-11,50.95,52.53,50.68,52.12,4237500.0
2009-03-10,49.0,51.15,48.65,51.11,5301800.0
2009-03-09,48.55,49.18,47.7299,48.03,3576100.0
2009-03-06,50.09,50.78,48.19,49.31,3933800.0
2009-03-05,50.74,52.13,49.32,49.7,3609700.0
2009-03-04,50.29,53.04,50.29,51.97,4136800.0
2009-03-03,49.43,50.72,48.77,49.71,3206600.0
2009-03-02,50.46,51.25,48.73,48.85,3625900.0
2009-02-27,50.73,51.31,50.21,50.76,3848500.0
2009-02-26,52.41,52.88,51.32,51.45,2300600.0
2009-02-25,52.2,52.9,51.01,51.93,2708600.0
2009-02-24,51.68,52.75,51.0,52.59,2538200.0
2009-02-23,52.89,53.34,51.17,51.33,3209100.0
2009-02-20,52.36,54.11,51.29,52.44,3512800.0
2009-02-19,54.27,54.65,53.05,53.2,2828300.0
2009-02-18,54.04,54.39,53.03,53.89,3199300.0
2009-02-17,54.37,55.05,53.14,54.02,2712700.0
2009-02-13,56.38,57.36,56.0775,56.38,1667200.0
2009-02-12,55.45,56.42,54.8,56.36,1796900.0
2009-02-11,56.1,56.96,55.79,56.38,2154400.0
2009-02-10,57.33,58.27,55.54,55.89,2321200.0
2009-02-09,58.39,58.93,57.49,57.92,2441300.0
2009-02-06,57.88,59.0,57.52,58.54,2397000.0
2009-02-05,55.95,58.25,55.62,57.97,2665900.0
2009-02-04,56.22,57.5,55.97,56.46,2626400.0
2009-02-03,55.91,56.46,55.02,56.16,1975700.0
2009-02-02,55.3,56.03,54.82,55.58,2400100.0
2009-01-30,56.42,56.943,55.51,55.93,2340400.0
2009-01-29,56.89,57.46,56.04,56.69,2105700.0
2009-01-28,58.15,58.32,57.31,57.73,2592000.0
2009-01-27,56.27,57.43,55.39,57.27,3258600.0
2009-01-26,53.4,57.12,53.32,56.12,5682100.0
2009-01-23,50.89,51.99,50.0,51.35,3123800.0
2009-01-22,51.49,52.31,50.52,51.74,2120300.0
2009-01-21,52.04,52.35,50.74,52.22,2528500.0
2009-01-20,53.57,53.94,51.49,51.57,2602300.0
2009-01-16,54.9,55.17,53.1,53.93,2290100.0
2009-01-15,53.17,54.46,52.03,54.13,2362400.0
2009-01-14,52.36,53.54,52.03,52.91,2528600.0
2009-01-13,54.27,54.49,52.32,53.01,3073200.0
2009-01-12,54.51,54.8,54.06,54.58,1655300.0
2009-01-09,55.88,56.18,54.26,54.62,1603200.0
2009-01-08,56.06,56.06,54.59,55.54,2179300.0
2009-01-07,56.76,57.17,55.94,56.2,2433800.0
2009-01-06,57.05,58.34,56.94,57.75,1889800.0
2009-01-05,57.41,57.59,56.31,56.91,2267700.0
2009-01-02,56.56,57.98,55.95,57.8,1862300.0
2008-12-31,55.62,56.9,55.62,56.61,1954200.0
2008-12-30,54.8,55.77,54.59,55.61,1861000.0
2008-12-29,54.55,54.93,53.57,54.6,1698200.0
2008-12-26,54.73,54.87,54.24,54.75,662000.0
2008-12-24,54.04,54.87,53.8,54.69,653900.0
2008-12-23,55.26,55.54,53.57,54.08,2310000.0
2008-12-22,55.2,55.29,53.54,54.47,2016000.0
2008-12-19,56.07,56.2,54.66,55.06,2567600.0
2008-12-18,53.93,55.5,53.57,55.02,3748400.0
2008-12-17,53.74,54.84,53.19,53.96,2846200.0
2008-12-16,50.79,54.74,50.34,54.28,3879500.0
2008-12-15,50.94,51.25,49.89,50.52,2831200.0
2008-12-12,48.69,51.25,47.88,50.75,4555100.0
2008-12-11,50.78,51.23,49.15,49.68,3247900.0
2008-12-10,50.49,51.62,50.48,51.2,2770500.0
2008-12-09,49.57,51.56,48.9,49.78,5002700.0
2008-12-08,50.9,53.04,50.55,51.96,3132700.0
2008-12-05,49.59,50.73,47.2,50.33,2790400.0
2008-12-04,50.31,51.54,48.88,49.63,3308300.0
2008-12-03,48.7,51.04,47.74,51.01,4791100.0
2008-12-02,51.26,51.4,49.04,49.73,4735500.0
2008-12-01,54.03,54.03,50.48,50.55,3300800.0
2008-11-28,53.6,55.78,53.6,55.64,1685800.0
2008-11-26,54.59,55.44,53.48,53.97,4603200.0
2008-11-25,56.83,57.58,54.39,55.64,2503100.0
2008-11-24,53.81,57.59,53.5,55.82,3868200.0
2008-11-21,50.0,53.03,48.9,52.94,3547100.0
2008-11-20,50.94,53.21,49.0,49.47,4338800.0
2008-11-19,53.81,54.39,51.27,51.45,2868900.0
2008-11-18,52.51,54.42,52.02,54.06,2850500.0
2008-11-17,53.31,54.5,52.49,52.73,2525200.0
2008-11-14,55.5,56.77,53.92,53.92,2379800.0
2008-11-13,53.21,56.87,51.89,56.75,3165100.0
2008-11-12,54.67,55.19,53.0,53.4,2226400.0
2008-11-11,56.04,56.64,54.86,55.64,2049700.0
2008-11-10,57.95,58.83,56.24,57.05,1506600.0
2008-11-07,56.65,57.79,55.95,57.12,1953800.0
2008-11-06,57.63,59.76,55.83,56.19,2912800.0
2008-11-05,61.91,63.04,59.3,59.4,3175800.0
2008-11-04,60.6,62.79,60.52,62.28,2480400.0
2008-11-03,59.42,60.19,58.98,59.59,1998200.0
2008-10-31,58.01,60.0,57.18,59.24,2866500.0
2008-10-30,58.57,59.15,57.24,58.36,2601200.0
2008-10-29,56.13,58.9,55.29,56.79,2768400.0
2008-10-28,53.48,57.0,51.23,56.97,3413500.0
2008-10-27,53.71,55.63,52.73,52.76,2908300.0
2008-10-24,51.97,56.03,50.01,54.26,3500000.0
2008-10-23,57.13,58.27,53.13,55.58,4220100.0
2008-10-22,56.75,58.03,55.15,56.85,4610500.0
2008-10-21,56.66,60.02,56.22,58.1,4241600.0
2008-10-20,57.05,57.37,55.17,57.0,4946500.0
2008-10-17,56.0,59.58,55.42,56.4,4075000.0
2008-10-16,54.65,58.55,52.75,58.27,5093200.0
2008-10-15,59.88,59.88,54.01,54.01,4796700.0
2008-10-14,64.19,64.97,59.33,60.22,3823300.0
2008-10-13,57.79,61.66,56.5,61.66,3529800.0
2008-10-10,49.83,59.12,49.06,55.85,6829700.0
2008-10-09,57.39,58.18,53.01,53.2,3434900.0
2008-10-08,56.81,60.25,56.33,56.64,4328100.0
2008-10-07,61.87,63.18,57.64,57.95,3398800.0
2008-10-06,61.26,62.01,58.34,61.5,4538700.0
2008-10-03,66.26,66.99,62.08,62.63,4047700.0
2008-10-02,68.03,68.33,64.39,64.94,3177900.0
2008-10-01,69.5,70.23,67.15,68.53,2188600.0
2008-09-30,69.78,69.78,67.86,69.4,2339800.0
2008-09-29,69.75,70.59,67.44,68.24,2592700.0
2008-09-26,70.02,71.11,68.37,70.98,2069900.0
2008-09-25,72.01,72.47,70.61,70.91,1957000.0
2008-09-24,71.68,71.98,69.53,71.85,2489500.0
2008-09-23,74.45,75.59,71.05,71.28,2735100.0
2008-09-22,77.23,77.57,74.64,74.74,1100900.0
2008-09-19,79.15,79.27,75.99,77.86,2998800.0
2008-09-18,75.05,76.98,72.54,76.6,3270100.0
2008-09-17,74.89,76.46,74.01,74.4,3074000.0
2008-09-16,73.82,77.0,73.41,76.33,3143900.0
2008-09-15,75.01,76.53,74.68,74.81,2610500.0
2008-09-12,76.31,77.37,75.68,76.91,2910500.0
2008-09-11,76.38,78.21,76.0,78.17,1667700.0
2008-09-10,76.54,77.87,76.16,77.19,1454800.0
2008-09-09,78.62,79.0,76.15,76.17,1801000.0
2008-09-08,79.17,80.01,77.84,78.41,2487800.0
2008-09-05,77.01,77.98,76.75,77.75,1457600.0
2008-09-04,79.89,79.98,77.02,77.55,2173900.0
2008-09-03,81.22,82.14,79.95,80.75,1517300.0
2008-09-02,82.25,83.16,81.22,81.49,1387000.0
2008-08-29,81.69,82.1275,81.43,81.57,1372800.0
2008-08-28,81.5,82.33,81.47,81.99,1492800.0
2008-08-27,81.25,81.55,80.66,81.07,935800.0
2008-08-26,80.88,81.22,80.13,80.99,1345900.0
2008-08-25,81.3,82.68,80.5,80.77,969400.0
2008-08-22,82.63,83.45,82.14,82.35,1740700.0
2008-08-21,81.32,82.51,80.79,82.32,1335800.0
2008-08-20,81.75,82.09,80.73,81.78,1212000.0
2008-08-19,82.75,83.28,81.375,81.72,1501000.0
2008-08-18,84.34,84.49,82.99,83.35,1518600.0
2008-08-15,84.81,85.0,83.72,83.91,2324100.0
2008-08-14,82.59,84.88,82.27,84.49,2986600.0
2008-08-13,82.84,83.6,81.71,83.26,1473200.0
2008-08-12,83.06,83.405,82.08,82.99,1546200.0
2008-08-11,83.49,84.58,82.7,83.33,1822300.0
2008-08-08,81.86,84.0,81.86,83.46,2005800.0
2008-08-07,81.67,83.42,81.04,82.37,2209100.0
2008-08-06,82.01,82.92,80.92,82.33,2374700.0
2008-08-05,80.89,82.54,80.8,82.54,2579000.0
2008-08-04,80.7,81.33,80.0,80.35,1643300.0
2008-08-01,79.9,81.13,79.79,80.63,2418300.0
2008-07-31,80.61,81.1,79.57,79.65,2285000.0
2008-07-30,81.57,81.86,80.19,81.3,2117300.0
2008-07-29,80.33,81.66,80.33,80.96,1990900.0
2008-07-28,80.55,81.45,80.18,80.33,2198800.0
2008-07-25,79.64,81.31,79.54,81.14,2192400.0
2008-07-24,80.98,81.1618,79.49,79.64,2023500.0
2008-07-23,81.51,82.13,80.07,80.79,3048200.0
2008-07-22,81.32,82.97,80.85,82.31,3565700.0
2008-07-21,82.54,82.54,80.72,81.32,3178700.0
2008-07-18,80.93,83.44,80.15,82.37,3778800.0
2008-07-17,78.38,81.91,78.38,80.9,6148300.0
2008-07-16,74.19,76.5,73.17,76.21,4604700.0
2008-07-15,74.64,75.11,72.9,74.43,4150000.0
2008-07-14,75.16,77.05,74.62,75.28,1861000.0
2008-07-11,75.16,76.13,74.29,75.07,3150200.0
2008-07-10,75.32,76.31,75.12,76.16,2287600.0
2008-07-09,76.44,76.93,75.43,75.43,2832400.0
2008-07-08,76.0,76.82,75.11,76.82,2447900.0
2008-07-07,76.66,77.37,75.76,76.28,2085900.0
2008-07-03,75.8,76.94,75.23,76.28,1777600.0
2008-07-02,77.0,77.62,75.09,75.17,2753400.0
2008-07-01,76.14,77.68,75.75,77.47,2208800.0
2008-06-30,76.84,77.72,75.6,77.3,2348000.0
2008-06-27,77.26,78.26,75.62,76.87,3403200.0
2008-06-26,78.4,78.8,75.97,76.24,3118600.0
2008-06-25,79.69,80.14,79.16,79.78,2389200.0
2008-06-24,80.08,80.27,79.06,79.47,1297000.0
2008-06-23,80.05,80.55,79.741,80.08,1264900.0
2008-06-20,80.04,81.75,79.73,80.08,2890000.0
2008-06-19,80.12,82.38,79.83,82.0,2463800.0
2008-06-18,80.62,81.27,80.11,80.32,1280000.0
2008-06-17,81.35,81.74,80.32,80.97,2212300.0
2008-06-16,81.0,81.73,80.86,81.29,1138700.0
2008-06-13,80.93,82.15,80.75,81.79,1980300.0
2008-06-12,79.7,80.72,79.31,79.93,2014800.0
2008-06-11,79.8,81.32,79.02,79.12,2240100.0
2008-06-10,79.24,80.3,78.69,79.75,1687800.0
2008-06-09,79.26,79.82,78.6,79.65,1729600.0
2008-06-06,81.75,82.3,79.19,79.19,3336200.0
2008-06-05,80.03,82.62,79.85,82.55,3351300.0
2008-06-04,79.0,80.1,78.95,79.89,2257900.0
2008-06-03,77.8,80.0,77.8,79.56,3468700.0
2008-06-02,77.8,78.2,76.93,77.59,2055600.0
2008-05-30,76.98,78.65,76.54,78.18,2225000.0
2008-05-29,76.68,76.96,75.79,76.48,2231600.0
2008-05-28,75.83,76.94,75.83,76.53,1621800.0
2008-05-27,76.0,76.34,75.17,75.87,1750500.0
2008-05-23,76.73,76.73,75.0,75.84,1769600.0
2008-05-22,76.83,77.35,76.07,76.73,2600900.0
2008-05-21,78.54,78.84,76.83,77.05,1630000.0
2008-05-20,78.07,78.66,77.06,78.2,2153500.0
2008-05-19,79.61,80.11,78.52,78.61,2400100.0
2008-05-16,80.36,80.93,79.39,80.07,1793500.0
2008-05-15,78.9,80.14,78.24,80.07,1785200.0
2008-05-14,78.44,79.7825,78.34,79.01,1078000.0
2008-05-13,78.63,79.56,78.01,78.4,1466300.0
2008-05-12,77.6,78.57,76.69,78.41,1013300.0
2008-05-09,76.45,77.46,76.17,77.07,1249900.0
2008-05-08,76.1,77.65,75.62,77.33,1695300.0
2008-05-07,77.38,77.38,75.98,76.1,1472400.0
2008-05-06,76.71,77.3,76.12,77.19,998300.0
2008-05-05,78.1,78.3,76.28,77.18,2423000.0
2008-05-02,79.72,80.0,77.35,78.0,2162000.0
2008-05-01,78.06,79.17,77.99,78.81,2004100.0
2008-04-30,78.71,79.46,77.79,78.02,2941800.0
2008-04-29,78.1,78.79,77.61,77.87,1094400.0
2008-04-28,78.02,78.44,77.4,78.06,1319100.0
2008-04-25,77.39,77.89,76.67,77.56,1498900.0
2008-04-24,76.15,77.33,74.95,76.76,1962600.0
2008-04-23,75.79,76.35,74.7,75.9,2004100.0
2008-04-22,75.33,75.99,74.66,75.51,1863800.0
2008-04-21,74.76,75.77,74.64,75.5,1877200.0
2008-04-18,75.25,75.94,74.29,75.17,3276900.0
2008-04-17,74.27,74.9,73.04,74.16,8420000.0
2008-04-16,75.02,76.88,75.02,76.88,1806100.0
2008-04-15,74.25,75.06,73.77,74.7,3093800.0
2008-04-14,75.49,75.49,73.58,73.86,2709400.0
2008-04-11,76.71,76.71,75.11,75.36,3071400.0
2008-04-10,77.49,78.11,77.14,77.79,1741000.0
2008-04-09,78.62,78.73,77.35,77.8,1534500.0
2008-04-08,78.0,78.82,77.44,78.72,1335700.0
2008-04-07,79.13,79.68,77.88,78.4,1486300.0
2008-04-04,78.23,79.08,77.63,78.84,1798400.0
2008-04-03,78.27,78.27,77.09,77.85,1994100.0
2008-04-02,79.39,79.4,78.06,78.34,1929500.0
2008-04-01,76.75,79.0,76.75,79.0,1715800.0
2008-03-31,75.43,76.42,74.85,76.03,1746900.0
2008-03-28,76.68,76.68,74.8,75.12,2363400.0
2008-03-27,77.54,77.56,76.06,76.21,1853300.0
2008-03-26,77.9,77.99,76.21,77.22,2015600.0
2008-03-25,77.29,78.46,76.53,78.15,1884600.0
2008-03-24,76.85,78.09,76.17,77.39,2020400.0
2008-03-20,75.45,76.39,74.69,76.39,2614800.0
2008-03-19,76.84,79.47,74.95,74.95,2130700.0
2008-03-18,74.38,76.0,73.24,76.0,2557900.0
2008-03-17,70.66,73.29,67.76,72.37,2735900.0
2008-03-14,73.53,73.53,71.43,72.44,3520700.0
2008-03-13,70.94,72.96,69.96,72.82,2915300.0
2008-03-12,72.2,73.21,71.95,72.17,2030700.0
2008-03-11,71.66,72.35,70.48,71.97,2913100.0
2008-03-10,71.88,72.0,69.84,70.13,2827500.0
2008-03-07,72.31,73.23,71.64,72.07,2825400.0
2008-03-06,73.9,74.37,73.0,73.03,2352800.0
2008-03-05,73.55,75.31,73.2,74.08,3560800.0
2008-03-04,73.72,74.75,73.13,74.46,2868100.0
2008-03-03,73.69,74.26,73.22,74.26,3451500.0
2008-02-29,73.72,74.43,73.57,74.15,2831100.0
2008-02-28,74.67,75.0,73.71,74.51,2467300.0
2008-02-27,76.29,76.585,74.46,75.06,2852000.0
2008-02-26,74.91,76.86,74.9,76.6,2070000.0
2008-02-25,74.75,75.84,74.59,75.68,1607900.0
2008-02-22,74.82,75.45,73.33,74.64,2307700.0
2008-02-21,75.76,75.9,74.42,74.66,1396000.0
2008-02-20,74.36,75.66,74.14,75.5,1245200.0
2008-02-19,76.11,76.22,74.71,74.95,1244500.0
2008-02-15,74.88,75.2,74.27,75.1,1633500.0
2008-02-14,75.91,76.0,74.85,74.9,1375300.0
2008-02-13,74.16,76.25,74.0,75.94,2475100.0
2008-02-12,74.09,74.37,72.58,73.45,2379700.0
2008-02-11,73.27,74.01,72.706,73.5,2214100.0
2008-02-08,72.99,73.86,72.62,73.27,1426000.0
2008-02-07,74.29,74.82,72.61,73.52,3778500.0
2008-02-06,74.55,74.56,72.96,73.12,2849600.0
2008-02-05,74.26,74.97,73.02,73.9,2423300.0
2008-02-04,75.75,75.77,74.97,75.44,1958600.0
2008-02-01,74.61,76.14,74.4847,75.92,2748100.0
2008-01-31,72.95,75.04,72.75,74.96,2835400.0
2008-01-30,74.31,75.72,73.82,74.11,2202900.0
2008-01-29,74.96,74.96,73.7,74.48,2674700.0
2008-01-28,75.23,75.23,73.85,74.51,2675400.0
2008-01-25,75.24,79.9,72.35,74.97,4019600.0
2008-01-24,76.47,77.45,74.41,75.0,4045900.0
2008-01-23,74.9,77.17,72.12,76.54,5526800.0
2008-01-22,72.19,81.0,70.19,75.61,3569800.0
2008-01-18,77.78,81.88,75.8,76.97,2184200.0
2008-01-17,79.97,81.48,77.0,77.1,3080200.0
2008-01-16,79.31,80.83,79.15,79.5,2514400.0
2008-01-15,79.2,80.39,78.8,79.83,4158400.0
2008-01-14,79.83,80.8,78.8,79.84,2622100.0
2008-01-11,82.29,82.79,79.21,79.71,2399900.0
2008-01-10,80.41,83.1,80.13,82.58,2539800.0
2008-01-09,81.0,82.0,79.1,81.11,2463200.0
2008-01-08,83.0,83.0,80.63,80.74,3624900.0
2008-01-07,85.42,85.42,81.72,82.59,3481200.0
2008-01-04,86.34,86.55,84.74,84.74,2037300.0
2008-01-03,86.61,87.37,86.21,86.91,1435500.0
2008-01-02,87.51,88.2,85.48,86.17,1424400.0
2007-12-31,88.14,88.43,87.54,87.74,773200.0
2007-12-28,88.4,88.89,87.28,88.25,898400.0
2007-12-27,88.55,88.69,87.55,87.67,704300.0
2007-12-26,88.31,88.78,87.71,88.6,904200.0
2007-12-24,87.44,88.83,87.44,88.62,255500.0
2007-12-21,87.11,88.41,86.51,87.77,2251000.0
2007-12-20,86.15,86.66,85.53,86.66,1287100.0
2007-12-19,86.2,86.8,84.96,85.7,1602900.0
2007-12-18,85.53,86.01,84.51,85.71,1303800.0
2007-12-17,85.56,85.97,85.09,85.09,1381700.0
2007-12-14,85.93,86.99,85.6,86.03,1436800.0
2007-12-13,85.14,86.59,84.5,86.5,1445600.0
2007-12-12,88.24,88.44,84.6,85.72,2385300.0
2007-12-11,88.01,88.91,86.0,86.13,2002000.0
2007-12-10,87.4,88.32,86.86,88.01,1033200.0
2007-12-07,87.59,89.22,86.39,87.08,1691500.0
2007-12-06,86.09,87.45,85.8,87.25,1350400.0
2007-12-05,87.2,88.27,85.57,86.12,2343700.0
2007-12-04,85.83,87.4,85.83,86.41,1354900.0
2007-12-03,87.12,87.5,85.99,86.17,1462100.0
2007-11-30,87.2,87.29,86.41,86.82,1917800.0
2007-11-29,87.4,87.4,85.9,86.18,1516000.0
2007-11-28,85.1,87.05,85.1,86.99,2596800.0
2007-11-27,82.37,85.76,82.34,84.97,3410700.0
2007-11-26,81.32,84.06,81.32,82.06,2778600.0
2007-11-23,81.19,81.79,80.26,81.15,1047100.0
2007-11-21,82.59,83.25,80.22,80.5,2685600.0
2007-11-20,82.36,83.66,81.8,82.6,2360200.0
2007-11-19,82.14,82.85,81.62,82.06,2127600.0
2007-11-16,82.96,84.13,81.58,82.5,2753300.0
2007-11-15,82.26,83.25,81.8,82.24,2208500.0
2007-11-14,83.82,83.95,82.25,82.42,1599200.0
2007-11-13,81.5,83.45,80.86,83.39,1764200.0
2007-11-12,80.45,81.73,80.04,80.66,1781200.0
2007-11-09,81.86,81.86,80.47,80.47,1331600.0
2007-11-08,83.38,83.38,81.01,82.04,2400700.0
2007-11-07,85.27,85.27,82.85,82.85,1872600.0
2007-11-06,82.88,84.79,82.37,84.66,1992100.0
2007-11-05,82.26,83.03,81.0,82.81,2364500.0
2007-11-02,81.97,82.25,80.97,81.65,5202800.0
2007-11-01,84.23,84.74,82.4,82.47,1955200.0
2007-10-31,85.31,85.76,83.79,85.67,1447300.0
2007-10-30,84.3,86.01,84.02,85.26,1524700.0
2007-10-29,83.07,84.66,82.95,84.59,1578800.0
2007-10-26,83.4,83.44,82.27,82.49,1020800.0
2007-10-25,83.01,83.8,82.1,82.74,1757200.0
2007-10-24,83.19,83.23,81.76,83.05,1542100.0
2007-10-23,82.76,83.25,82.09,83.25,1054900.0
2007-10-22,80.84,82.77,80.57,82.52,1463300.0
2007-10-19,82.59,82.59,81.18,81.24,1592800.0
2007-10-18,81.08,82.93,80.78,82.56,1360500.0
2007-10-17,81.4,81.56,80.84,81.4,1368000.0
2007-10-16,82.01,82.53,80.09,80.43,2154900.0
2007-10-15,82.06,83.11,81.05,81.52,1934300.0
2007-10-12,81.85,82.47,80.72,82.47,993400.0
2007-10-11,82.46,83.39,81.56,82.01,1304600.0
2007-10-10,82.7,83.0,81.7,82.46,1068200.0
2007-10-09,82.89,83.22,82.11,83.03,1294400.0
2007-10-08,82.99,83.84,82.6,82.84,739400.0
2007-10-05,82.73,83.55,82.5,82.78,1092000.0
2007-10-04,82.29,82.72,81.78,81.95,1065700.0
2007-10-03,82.5,83.3,82.15,82.2,1160400.0
2007-10-02,82.66,83.29,82.34,82.91,1293300.0
2007-10-01,82.6,83.9,82.36,82.95,1321000.0
2007-09-28,82.5,83.0,82.2,82.71,1117900.0
2007-09-27,81.55,82.75,81.05,82.48,1719700.0
2007-09-26,84.05,84.35,82.67,82.95,1405900.0
2007-09-25,82.0,83.85,81.87,83.82,1313700.0
2007-09-24,82.75,83.27,82.13,82.39,1343000.0
2007-09-21,83.7,83.85,82.42,82.75,2236100.0
2007-09-20,83.4,83.74,82.45,82.7,1176700.0
2007-09-19,82.43,83.72,82.25,82.86,1302400.0
2007-09-18,79.0,81.78,79.0,81.78,1807100.0
2007-09-17,78.58,79.84,78.51,78.9,813600.0
2007-09-14,77.96,79.48,77.51,79.13,1105300.0
2007-09-13,78.4,78.73,77.39,78.28,1011200.0
2007-09-12,78.16,79.16,77.71,77.84,1036500.0
2007-09-11,76.49,78.47,76.49,78.26,1238300.0
2007-09-10,76.45,77.37,75.01,76.42,1030900.0
2007-09-07,77.06,77.4,76.24,76.46,1265200.0
2007-09-06,77.07,78.31,76.8,77.95,972700.0
2007-09-05,78.0,78.16,77.03,77.34,965000.0
2007-09-04,78.03,79.16,77.67,78.61,1224400.0
2007-08-31,77.63,78.26,77.02,77.66,1036700.0
2007-08-30,75.95,77.79,75.37,76.67,1581500.0
2007-08-29,74.41,76.24,74.25,76.24,1498900.0
2007-08-28,75.7,75.89,73.71,73.78,1538200.0
2007-08-27,76.51,76.79,75.75,76.18,933500.0
2007-08-24,76.0,76.78,75.51,76.57,1388800.0
2007-08-23,77.3,77.52,75.28,76.14,1115000.0
2007-08-22,76.64,77.6,76.05,77.24,1378500.0
2007-08-21,76.1,76.35,75.06,75.51,1149500.0
2007-08-20,77.1,77.61,75.66,76.45,1492500.0
2007-08-17,74.79,76.87,73.82,76.54,2696000.0
2007-08-16,74.47,75.26,72.9,74.87,2639700.0
2007-08-15,76.1,76.76,74.2,74.53,1921400.0
2007-08-14,77.94,78.47,76.35,76.36,2017600.0
2007-08-13,79.2,80.03,77.41,78.13,2532700.0
2007-08-10,80.6,80.93,78.16,79.7,3360500.0
2007-08-09,81.08,82.32,79.99,81.37,3210500.0
2007-08-08,78.84,82.87,78.84,81.77,3370700.0
2007-08-07,77.98,80.25,77.41,79.62,2463900.0
2007-08-06,76.38,78.64,76.14,78.64,1911700.0
2007-08-03,78.0,78.0,75.5,75.81,2140100.0
2007-08-02,76.12,77.35,76.12,77.22,1835800.0
2007-08-01,74.8,75.9,74.16,75.8,2889000.0
2007-07-31,76.15,77.0,74.68,74.68,2645000.0
2007-07-30,75.6,77.1,74.72,76.65,3235400.0
2007-07-27,74.84,75.59,73.63,73.66,2245200.0
2007-07-26,76.4,77.38,74.32,75.34,2909800.0
2007-07-25,77.06,77.93,76.42,77.38,1773000.0
2007-07-24,77.87,77.87,76.69,76.94,2149400.0
2007-07-23,77.55,79.22,77.12,77.43,2373000.0
2007-07-20,78.03,78.53,77.28,77.98,3277800.0
2007-07-19,78.7,79.74,77.95,78.61,3319300.0
2007-07-18,79.63,80.37,79.29,79.75,2931200.0
2007-07-17,78.5,80.38,78.5,80.24,2841200.0
2007-07-16,77.93,79.15,77.52,78.69,1431500.0
2007-07-13,78.12,78.25,77.72,78.15,661800.0
2007-07-12,75.93,78.12,75.93,78.12,1226700.0
2007-07-11,76.76,77.0,76.3,76.76,1467000.0
2007-07-10,77.8,77.8,76.81,76.81,1388400.0
2007-07-09,77.3,78.36,77.16,78.02,1441800.0
2007-07-06,76.92,77.55,76.49,77.4,880000.0
2007-07-05,77.38,77.39,76.51,76.68,1004100.0
2007-07-03,76.87,77.42,76.73,77.1,1022400.0
2007-07-02,76.17,76.73,75.91,76.56,1393600.0
2007-06-29,75.25,76.09,75.08,75.5,2005400.0
2007-06-28,74.45,75.74,74.1,75.0,1735500.0
2007-06-27,73.22,74.44,73.05,74.44,1419500.0
2007-06-26,74.38,74.8,73.77,74.01,1490400.0
2007-06-25,74.11,74.65,73.61,74.13,1806600.0
2007-06-22,75.0,75.26,74.0,74.11,1310200.0
2007-06-21,74.45,75.31,74.11,75.15,1558100.0
2007-06-20,75.27,75.78,74.36,74.46,1466400.0
2007-06-19,74.7,75.54,74.36,75.15,1782400.0
2007-06-18,74.25,74.95,73.87,74.64,1357800.0
2007-06-15,73.9,74.48,73.74,74.21,1333700.0
2007-06-14,72.89,73.75,72.79,73.51,979600.0
2007-06-13,71.96,73.01,71.85,73.01,1075400.0
2007-06-12,72.32,72.76,71.85,71.93,1368900.0
2007-06-11,72.11,72.58,71.58,72.32,1648600.0
2007-06-08,71.5,71.96,70.89,71.95,1802900.0
2007-06-07,71.91,72.66,71.63,71.63,2303300.0
2007-06-06,73.0,73.2,71.75,72.3,2013700.0
2007-06-05,74.47,74.47,73.24,73.52,1470100.0
2007-06-04,74.31,74.31,73.18,73.62,907700.0
2007-06-01,73.56,73.73,73.02,73.46,2399500.0
2007-05-31,73.46,74.56,73.42,73.5,1508600.0
2007-05-30,73.0,73.64,72.56,73.58,1530000.0
2007-05-29,72.79,74.18,72.62,72.99,2539800.0
2007-05-25,70.87,72.63,70.5,72.42,2388400.0
2007-05-24,71.3,71.63,70.06,70.15,2063300.0
2007-05-23,71.8,72.23,71.2,71.23,1738400.0
2007-05-22,71.84,72.36,71.59,71.61,2516000.0
2007-05-21,71.3,71.63,70.02,71.35,4823000.0
2007-05-18,71.49,71.6,70.85,71.17,2881400.0
2007-05-17,71.81,72.0,71.02,71.49,1643400.0
2007-05-16,71.95,71.95,70.85,71.5,2636400.0
2007-05-15,71.55,71.97,70.68,70.69,2597000.0
2007-05-14,71.5,71.7,70.91,71.09,2058500.0
2007-05-11,71.46,71.67,70.91,71.11,2865100.0
2007-05-10,72.46,72.47,71.18,71.4,2835700.0
2007-05-09,72.42,72.73,72.17,72.55,1646900.0
2007-05-08,73.06,73.06,72.3,72.67,2116900.0
2007-05-07,74.08,74.23,72.99,73.07,1467200.0
2007-05-04,73.81,74.63,73.81,74.11,1952100.0
2007-05-03,73.24,74.02,72.91,73.64,2268600.0
2007-05-02,71.96,73.25,71.64,72.83,2286100.0
2007-05-01,72.61,72.76,70.44,71.56,2162200.0
2007-04-30,71.05,71.4,70.63,71.19,2660300.0
2007-04-27,69.98,71.19,69.61,71.04,1980700.0
2007-04-26,70.7,71.07,70.13,70.13,1782800.0
2007-04-25,71.0,71.15,70.23,70.82,1753500.0
2007-04-24,72.13,72.13,70.83,70.88,1531100.0
2007-04-23,71.48,71.97,71.09,71.36,1203200.0
2007-04-20,72.0,72.03,70.68,71.28,2219400.0
2007-04-19,71.51,72.46,70.75,71.26,1831600.0
2007-04-18,72.4,72.48,71.71,71.96,1840200.0
2007-04-17,73.25,73.25,72.24,72.5,1492800.0
2007-04-16,71.41,72.36,71.25,72.29,1227100.0
2007-04-13,70.79,71.24,70.01,71.01,1210400.0
2007-04-12,70.56,70.78,70.17,70.54,1511300.0
2007-04-11,70.53,71.2,70.2,70.71,1563400.0
2007-04-10,70.75,71.15,70.37,70.53,1354100.0
2007-04-09,71.0372,71.29,70.91,70.98,949000.0
2007-04-05,70.86,71.54,70.86,71.27,828000.0
2007-04-04,71.5,71.64,70.85,70.91,1279800.0
2007-04-03,71.9,72.02,70.95,71.5,1879300.0
2007-04-02,70.74,71.69,70.74,71.47,1817100.0
2007-03-30,71.02,71.61,70.33,71.45,1585800.0
2007-03-29,71.0,71.1,70.35,70.6,1405200.0
2007-03-28,71.15,71.45,70.31,70.54,1344400.0
2007-03-27,71.25,71.87,70.5,71.64,2130600.0
2007-03-26,72.0,72.05,71.05,71.78,941400.0
2007-03-23,72.29,72.56,71.81,72.27,767000.0
2007-03-22,72.78,72.89,72.03,72.29,1162300.0
2007-03-21,71.34,72.79,70.87,72.71,1918400.0
2007-03-20,71.45,71.82,71.21,71.4,1086200.0
2007-03-19,71.6,72.11,71.15,71.58,1045900.0
2007-03-16,71.07,71.55,70.81,70.99,1287800.0
2007-03-15,70.41,71.12,70.06,70.92,1046400.0
2007-03-14,70.0,70.72,69.42,70.48,1333800.0
2007-03-13,71.22,71.25,69.7,69.9,2103700.0
2007-03-12,70.41,71.57,70.37,71.38,912500.0
2007-03-09,71.2,71.41,70.51,70.8,1164200.0
2007-03-08,70.8,71.36,70.43,70.57,1438500.0
2007-03-07,71.68,71.75,70.26,70.39,2826400.0
2007-03-06,71.0,71.92,70.5,71.88,2063100.0
2007-03-05,69.35,71.5,69.11,70.53,2891800.0
2007-03-02,71.0,71.38,69.76,69.88,1611300.0
2007-03-01,71.0,71.91,70.2,71.31,2215000.0
2007-02-28,70.72,72.1,70.58,71.69,2372900.0
2007-02-27,73.4,73.41,70.04,70.71,2284800.0
2007-02-26,74.17,74.43,73.52,73.67,837400.0
2007-02-23,74.15,74.5,73.83,74.07,534500.0
2007-02-22,74.25,74.65,73.72,74.14,787000.0
2007-02-21,74.91,74.91,74.39,74.44,1084300.0
2007-02-20,73.7,75.0,73.6,74.91,1457900.0
2007-02-16,73.65,73.9,73.334,73.55,820900.0
2007-02-15,73.86,74.1,73.36,74.05,741000.0
2007-02-14,72.76,73.65,72.65,73.56,1026600.0
2007-02-13,72.94,73.02,72.27,72.76,1007200.0
2007-02-12,73.02,73.31,72.64,72.9,469800.0
2007-02-09,73.46,73.8,72.6,72.77,654700.0
2007-02-08,73.98,74.0,73.27,73.45,717800.0
2007-02-07,74.03,74.41,73.77,73.96,499800.0
2007-02-06,74.22,74.23,73.78,73.93,598700.0
2007-02-05,74.0,74.4,73.19,73.93,874600.0
2007-02-02,74.4,74.46,73.7,74.1,848300.0
2007-02-01,74.45,74.86,73.77,74.15,1858200.0
2007-01-31,72.45,74.25,72.41,74.06,1455500.0
2007-01-30,72.27,72.47,71.33,72.36,1718100.0
2007-01-29,72.29,72.54,71.73,72.02,1685200.0
2007-01-26,73.71,74.04,71.8,72.54,2450500.0
2007-01-25,75.15,75.9,73.92,74.0,1617100.0
2007-01-24,74.9,75.06,74.41,74.9,1660700.0
2007-01-23,74.86,75.97,74.31,75.38,1248700.0
2007-01-22,75.58,75.79,74.42,74.61,1250500.0
2007-01-19,75.12,75.95,74.73,75.78,1544300.0
2007-01-18,73.75,75.12,73.75,74.88,959700.0
2007-01-17,73.8,75.06,73.8,74.53,861700.0
2007-01-16,73.25,74.12,73.19,74.04,956700.0
2007-01-12,73.11,73.86,72.78,73.51,1055400.0
2007-01-11,73.23,73.97,73.19,73.69,888200.0
2007-01-10,72.4,73.26,71.76,73.14,1413600.0
2007-01-09,71.89,73.32,71.76,72.63,1714000.0
2007-01-08,70.9,71.94,70.85,71.69,1599800.0
2007-01-05,71.75,71.75,70.47,71.05,1463000.0
2007-01-04,71.65,72.08,70.98,71.85,1595500.0
2007-01-03,72.44,72.69,70.68,71.65,2153300.0
2006-12-29,73.06,73.24,72.34,72.44,664400.0
2006-12-28,73.19,73.65,73.04,73.18,922400.0
2006-12-27,72.88,73.44,72.8,73.41,660400.0
2006-12-26,72.26,72.95,72.26,72.75,452800.0
2006-12-22,72.84,72.93,72.12,72.4,589700.0
2006-12-21,73.68,73.83,72.75,72.83,659100.0
2006-12-20,73.57,73.8,73.32,73.63,1111200.0
2006-12-19,72.47,73.46,72.37,73.46,1659600.0
2006-12-18,73.6,74.04,73.16,73.27,717300.0
2006-12-15,73.6,74.4,73.13,73.49,1535600.0
2006-12-14,72.57,73.85,72.47,73.49,1295400.0
2006-12-13,73.2,73.33,72.32,72.57,1373200.0
2006-12-12,72.03,72.84,72.03,72.58,1317100.0
2006-12-11,71.99,72.27,71.59,72.03,993400.0
2006-12-08,72.16,72.76,71.9,72.13,901700.0
2006-12-07,72.44,73.3,72.12,72.15,787600.0
2006-12-06,72.08,72.86,72.02,72.51,831400.0
2006-12-05,72.71,73.05,72.34,72.5,1551900.0
2006-12-04,71.5,73.18,71.37,72.84,2565500.0
2006-12-01,73.13,73.53,71.66,72.19,1337800.0
2006-11-30,73.49,74.09,73.12,73.12,875600.0
2006-11-29,72.97,73.59,72.65,73.52,925300.0
2006-11-28,72.0,72.94,71.98,72.66,950000.0
2006-11-27,74.5,74.51,72.36,72.4,1154900.0
2006-11-24,74.17,75.25,74.17,74.5,286700.0
2006-11-22,74.99,75.28,74.24,74.72,701100.0
2006-11-21,73.22,75.12,73.0,74.98,1765300.0
2006-11-20,72.96,73.995,72.4,72.85,950500.0
2006-11-17,72.87,73.37,72.51,73.33,596700.0
2006-11-16,73.73,74.1,72.91,73.04,931700.0
2006-11-15,72.82,74.0,72.8,73.41,1280800.0
2006-11-14,72.58,73.01,72.02,72.99,740800.0
2006-11-13,71.85,72.87,71.81,72.55,880900.0
2006-11-10,72.04,72.17,71.32,71.84,1214600.0
2006-11-09,72.5,73.04,72.1,72.14,1343700.0
2006-11-08,70.76,72.58,70.35,72.28,1306800.0
2006-11-07,70.96,71.74,70.65,70.86,921700.0
2006-11-06,70.84,71.23,70.38,70.95,752700.0
2006-11-03,70.63,70.73,69.8,70.32,704400.0
2006-11-02,70.4,70.4,69.65,70.06,1159100.0
2006-11-01,72.19,72.19,70.41,70.41,1213800.0
2006-10-31,71.54,72.14,71.51,71.77,1072500.0
2006-10-30,70.58,71.5,70.01,71.15,1242700.0
2006-10-27,70.8,70.8,69.88,70.28,989000.0
2006-10-26,70.7,71.06,70.0,71.02,887500.0
2006-10-25,71.03,71.25,69.96,70.49,2068600.0
2006-10-24,70.43,70.99,69.82,70.88,1166500.0
2006-10-23,70.25,70.6,69.9,70.43,1197300.0
2006-10-20,70.12,70.32,69.35,70.27,1716800.0
2006-10-19,70.12,70.39,68.76,70.11,1502100.0
2006-10-18,71.54,72.16,69.9,70.49,1722800.0
2006-10-17,71.13,71.4,70.34,71.16,1616900.0
2006-10-16,69.77,71.55,69.62,71.54,1156300.0
2006-10-13,69.49,70.18,68.77,70.0,1182000.0
2006-10-12,68.76,69.78,68.74,69.71,1287000.0
2006-10-11,68.68,68.76,67.83,68.27,955700.0
2006-10-10,68.73,69.12,68.1,68.93,866900.0
2006-10-09,67.99,68.61,67.8,68.55,830300.0
2006-10-06,68.42,68.8201,67.86,68.53,1170100.0
2006-10-05,67.69,68.9,67.5536,68.77,826300.0
2006-10-04,67.3,67.99,67.1,67.87,1569800.0
2006-10-03,67.32,67.88,66.87,67.41,1242600.0
2006-10-02,68.67,68.67,67.21,67.31,1505800.0
2006-09-29,68.46,69.05,68.1,68.67,1115100.0
2006-09-28,68.2,68.74,68.2,68.46,1150000.0
2006-09-27,68.24,68.38,67.8,68.2,1479600.0
2006-09-26,67.98,68.0,67.02,67.58,1979000.0
2006-09-25,67.43,67.98,66.98,67.76,1600000.0
2006-09-22,66.95,67.1,65.88,66.91,936800.0
2006-09-21,67.71,67.87,66.92,67.02,1281400.0
2006-09-20,67.12,68.12,67.01,67.71,1489700.0
2006-09-19,66.4,67.03,66.08,66.97,1383800.0
2006-09-18,66.93,66.93,66.14,66.66,1276800.0
2006-09-15,66.65,66.92,66.43,66.7,1368200.0
2006-09-14,65.86,66.31,65.38,66.1,736000.0
2006-09-13,64.8,66.04,64.74,65.85,1117000.0
2006-09-12,64.64,65.13,64.59,64.92,993300.0
2006-09-11,65.82,65.9,64.4,64.55,956000.0
2006-09-08,64.91,65.32,64.72,65.04,520400.0
2006-09-07,65.14,65.4,64.43,64.79,1408200.0
2006-09-06,66.82,66.82,65.53,65.58,1425200.0
2006-09-05,66.61,67.03,65.37,66.82,1868900.0
2006-09-01,66.3,67.05,66.29,66.6,774400.0
2006-08-31,66.9,67.06,66.18,66.29,973600.0
2006-08-30,67.21,67.72,66.77,66.81,1850600.0
2006-08-29,66.07,67.27,66.03,67.27,2109200.0
2006-08-28,65.2,66.23,65.2,66.02,1437500.0
2006-08-25,65.37,65.8,65.1,65.41,835300.0
2006-08-24,65.8,66.4,65.43,65.53,1792200.0
2006-08-23,65.59,65.84,65.3,65.79,3350300.0
2006-08-22,64.9,65.99,64.772,65.83,2119700.0
2006-08-21,65.2,65.21,64.58,64.83,1264400.0
2006-08-18,65.92,65.93,65.15,65.42,1029800.0
2006-08-17,65.23,66.2,65.11,65.94,1812700.0
2006-08-16,65.0,65.76,64.81,65.57,1105500.0
2006-08-15,64.65,65.13,64.48,64.66,1602700.0
2006-08-14,65.35,65.3501,63.52,63.67,1974100.0
2006-08-11,62.93,63.5,62.75,63.38,846300.0
2006-08-10,62.93,63.68,62.3,63.4,1328400.0
2006-08-09,65.17,65.35,63.01,63.1,1741500.0
2006-08-08,65.15,65.45,64.05,64.58,1621700.0
2006-08-07,65.31,65.79,64.59,64.83,1099200.0
2006-08-04,65.3,65.89,64.96,65.62,2272100.0
2006-08-03,63.19,65.0,63.1,64.49,1214900.0
2006-08-02,63.88,64.23,62.99,63.65,2352200.0
2006-08-01,64.8,65.02,63.7,63.87,1648600.0
2006-07-31,65.13,65.54,64.71,65.2,1325000.0
2006-07-28,65.14,66.29,64.89,65.59,2054100.0
2006-07-27,64.4,65.01,64.11,64.89,2221600.0
2006-07-26,64.15,64.46,63.27,63.98,1557400.0
2006-07-25,64.25,64.79,63.55,64.37,1077200.0
2006-07-24,62.7,64.14,62.64,64.07,1503500.0
2006-07-21,63.6,63.6,62.19,62.67,1822800.0
2006-07-20,64.59,65.89,63.49,63.5,3395900.0
2006-07-19,60.35,63.09,60.29,62.64,1863300.0
2006-07-18,60.7,60.78,59.72,60.39,1363500.0
2006-07-17,60.91,61.35,60.4,60.4,1312200.0
2006-07-14,62.01,62.29,60.89,61.33,1225000.0
2006-07-13,63.15,63.15,61.45,62.0,1614400.0
2006-07-12,63.15,63.95,62.86,63.35,1589700.0
2006-07-11,62.6,63.27,61.9,63.15,2210600.0
2006-07-10,62.7,62.82,62.11,62.63,1437500.0
2006-07-07,63.3,64.13,62.44,62.64,1146700.0
2006-07-06,64.15,64.75,63.87,64.11,867500.0
2006-07-05,65.0,65.0,63.52,63.89,1051700.0
2006-07-03,64.4,65.1,64.32,65.0,559900.0
2006-06-30,64.34,64.77,64.05,64.32,1102700.0
2006-06-29,62.6,64.43,62.6,64.34,1674400.0
2006-06-28,63.21,63.24,62.32,62.97,921000.0
2006-06-27,63.48,64.24,63.04,63.04,1214200.0
2006-06-26,63.6,63.85,63.19,63.64,844600.0
2006-06-23,62.86,64.08,62.6,63.66,1038000.0
2006-06-22,63.6,63.6,62.73,63.11,1495100.0
2006-06-21,63.19,64.24,63.16,64.04,1270000.0
2006-06-20,63.9,64.19,63.14,63.36,1220900.0
2006-06-19,63.9,64.19,63.18,63.78,1598600.0
2006-06-16,62.98,64.23,62.97,63.9,1572800.0
2006-06-15,61.29,63.68,61.26,63.45,1427000.0
2006-06-14,61.58,62.34,60.63,61.23,2242700.0
2006-06-13,62.2,62.67,61.47,61.67,1531900.0
2006-06-12,63.46,64.39,62.15,62.2,1286000.0
2006-06-09,63.03,63.98,63.03,63.59,1350100.0
2006-06-08,62.33,63.26,61.5,63.0,2123800.0
2006-06-07,63.6,65.36,62.99,62.99,1471100.0
2006-06-06,63.29,63.68,62.75,63.34,1375400.0
2006-06-05,64.52,64.76,63.18,63.21,1291500.0
2006-06-02,65.02,65.38,63.97,64.32,1099400.0
2006-06-01,64.33,64.97,63.79,64.96,1087000.0
2006-05-31,62.85,64.75,62.42,64.11,2091700.0
2006-05-30,64.18,64.19,62.41,62.41,1261300.0
2006-05-26,63.8,64.28,63.47,64.15,806600.0
2006-05-25,63.03,63.76,62.77,63.65,1255800.0
2006-05-24,62.05,62.98,61.72,62.69,1684000.0
2006-05-23,62.88,63.46,61.98,62.01,1459800.0
2006-05-22,62.73,63.35,61.85,62.72,1587000.0
2006-05-19,62.8,62.85,61.51,62.73,2100700.0
2006-05-18,63.02,63.99,62.3,62.42,1516600.0
2006-05-17,64.5,64.99,63.06,63.81,1341400.0
2006-05-16,65.8,65.92,64.88,65.16,1263300.0
2006-05-15,66.59,66.75,65.04,65.8,1030900.0
2006-05-12,68.2,68.2,66.42,66.59,1087000.0
2006-05-11,68.39,68.39,67.75,68.2,1668100.0
2006-05-10,67.55,68.47,67.55,68.22,1216800.0
2006-05-09,67.67,67.8,67.38,67.71,1230100.0
2006-05-08,66.57,67.9,66.57,67.67,1565500.0
2006-05-05,65.79,67.38,65.66,66.86,1980100.0
2006-05-04,64.5,65.41,64.32,65.17,1228500.0
2006-05-03,64.69,64.9,64.11,64.5,947200.0
2006-05-02,63.67,64.87,63.5,64.7,1578400.0
2006-05-01,64.36,64.66,63.69,63.69,1167100.0
2006-04-28,64.65,64.66,63.98,64.11,1281900.0
2006-04-27,64.48,65.25,64.33,64.75,1633800.0
2006-04-26,64.53,65.48,64.48,65.0,1943900.0
2006-04-25,65.05,65.24,64.4,64.66,1165000.0
2006-04-24,65.0,65.48,64.75,65.09,1765100.0
2006-04-21,66.55,66.55,64.95,65.25,1808200.0
2006-04-20,67.62,67.62,65.74,66.03,1846600.0
2006-04-19,67.37,67.98,66.8,67.61,1710900.0
2006-04-18,66.03,67.01,66.03,66.71,1548800.0
2006-04-17,67.25,67.25,65.58,66.03,1063200.0
2006-04-13,66.0,66.85,65.17,66.35,993500.0
2006-04-12,67.0,67.34,65.76,65.95,2136500.0
2006-04-11,65.88,65.93,64.8,65.35,1091500.0
2006-04-10,65.63,65.91,65.0,65.47,711400.0
2006-04-07,66.28,66.35,65.27,65.43,692800.0
2006-04-06,65.99,66.2444,65.62,65.8,1328600.0
2006-04-05,64.52,65.93,64.5,65.58,2101300.0
2006-04-04,63.4,64.68,62.77,64.51,2076300.0
2006-04-03,63.55,64.55,63.17,63.4,1646100.0
2006-03-31,63.58,64.19,63.54,63.55,1067500.0
2006-03-30,63.79,64.35,63.37,63.67,796000.0
2006-03-29,63.84,64.25,63.61,64.08,746900.0
2006-03-28,64.25,64.37,63.5,63.73,888500.0
2006-03-27,64.53,64.8,63.64,64.13,804500.0
2006-03-24,64.0,64.62,63.82,64.53,732400.0
2006-03-23,64.11,64.44,63.51,63.99,948900.0
2006-03-22,63.35,64.25,63.19,64.03,791100.0
2006-03-21,63.92,64.58,63.27,63.35,1053200.0
2006-03-20,64.3,64.43,63.69,63.96,866900.0
2006-03-17,64.16,65.42,64.15,64.51,1840200.0
2006-03-16,63.0,64.41,62.98,63.9,1247000.0
2006-03-15,62.43,63.02,62.31,62.8,1363500.0
2006-03-14,61.36,62.73,61.164,62.57,1023400.0
2006-03-13,61.55,61.64,60.95,61.46,685700.0
2006-03-10,61.22,61.36,60.71,61.3,1283300.0
2006-03-09,61.09,61.96,61.0,61.22,1151500.0
2006-03-08,61.0,61.27,60.49,61.08,1113300.0
2006-03-07,60.4,61.32,60.21,61.15,965300.0
2006-03-06,60.85,61.21,60.3,60.37,884300.0
2006-03-03,60.38,61.55,60.26,60.97,848300.0
2006-03-02,60.65,61.55,60.43,60.89,1345500.0
2006-03-01,60.53,61.28,60.33,61.2,973400.0
2006-02-28,61.13,61.4,60.23,60.58,1431700.0
2006-02-27,61.55,62.02,61.24,61.69,756600.0
2006-02-24,61.47,61.47,60.78,61.23,891800.0
2006-02-23,61.32,62.38,60.95,61.46,1599100.0
2006-02-22,60.64,61.4,60.5,61.16,1739900.0
2006-02-21,60.0,60.27,59.83,59.99,1127500.0
2006-02-17,60.37,60.37,59.13,59.98,1552300.0
2006-02-16,57.99,59.6,57.94,59.48,2539900.0
2006-02-15,57.56,57.99,56.75,57.85,883600.0
2006-02-14,56.75,57.93,56.37,57.76,1228000.0
2006-02-13,56.52,56.8,56.3,56.73,729900.0
2006-02-10,56.26,56.62,55.9,56.51,799300.0
2006-02-09,56.19,56.84,55.93,56.25,956300.0
2006-02-08,55.5,56.31,55.15,56.19,1413400.0
2006-02-07,55.89,55.95,55.2,55.22,1183600.0
2006-02-06,55.42,56.02,55.25,55.88,797600.0
2006-02-03,55.9,56.17,55.4,55.49,1081600.0
2006-02-02,56.85,56.85,55.76,56.12,966600.0
2006-02-01,56.27,56.81,56.05,56.75,1077700.0
2006-01-31,56.4,56.97,56.06,56.64,1200800.0
2006-01-30,55.77,57.44,55.7,56.79,1849400.0
2006-01-27,55.7,56.0,55.06,55.55,1156300.0
2006-01-26,55.3,55.85,54.84,55.3,1761500.0
2006-01-25,54.6,54.93,54.23,54.3,1636700.0
2006-01-24,54.38,54.95,54.28,54.7,1740100.0
2006-01-23,54.4,54.53,54.04,54.35,1273800.0
2006-01-20,55.53,55.53,54.33,54.35,2043300.0
2006-01-19,55.56,55.98,55.34,55.6,1164200.0
2006-01-18,54.9,55.7,54.57,55.29,973300.0
2006-01-17,54.65,55.2,54.5,55.0,1221400.0
2006-01-13,54.68,55.96,54.52,55.29,2303200.0
2006-01-12,55.19,55.27,54.4,54.47,1571500.0
2006-01-11,56.02,56.05,55.17,55.34,1923500.0
2006-01-10,56.66,56.66,55.91,56.04,1610300.0
2006-01-09,56.9,56.96,56.33,56.65,1151500.0
2006-01-06,56.79,57.15,56.71,56.9,1318300.0
2006-01-05,56.53,56.85,55.71,56.06,1623700.0
2006-01-04,56.36,56.88,56.14,56.6,1339400.0
2006-01-03,56.09,56.51,54.89,56.36,1272500.0
2005-12-30,55.98,56.4,55.72,55.78,622500.0
2005-12-29,55.5,56.38,55.5,55.97,809600.0
2005-12-28,55.55,55.63,55.11,55.46,498000.0
2005-12-27,55.74,56.15,55.28,55.3,715600.0
2005-12-23,55.58,55.98,55.53,55.71,416300.0
2005-12-22,55.55,55.77,55.171,55.42,950200.0
2005-12-21,55.75,55.86,55.4,55.54,1075600.0
2005-12-20,55.65,55.97,55.12,55.3,1065400.0
2005-12-19,55.99,56.18,55.53,55.72,1383200.0
2005-12-16,57.24,57.24,55.54,55.79,3611200.0
2005-12-15,58.0,58.0,56.9,57.37,3232200.0
2005-12-14,57.59,58.03,57.28,57.72,934000.0
2005-12-13,57.71,57.9,57.3,57.6,1009900.0
2005-12-12,57.93,58.05,57.3,57.71,1533000.0
2005-12-09,57.95,58.07,57.58,57.93,757600.0
2005-12-08,57.95,57.95,57.34,57.83,1620600.0
2005-12-07,57.97,58.4,57.72,58.07,2297800.0
2005-12-06,57.19,58.15,57.18,57.89,2444000.0
2005-12-05,56.82,57.28,56.81,57.14,1713100.0
2005-12-02,56.6,56.89,56.2,56.79,1313400.0
2005-12-01,56.15,57.0,56.04,56.72,1546200.0
2005-11-30,55.31,55.88,55.14,55.5,2034000.0
2005-11-29,55.1,55.52,55.1,55.31,1127100.0
2005-11-28,55.99,56.0,54.86,54.98,1013100.0
2005-11-25,54.71,55.96,54.62,55.69,294900.0
2005-11-23,55.73,55.89,55.4,55.52,690300.0
2005-11-22,55.77,56.0,55.19,55.89,1099900.0
2005-11-21,55.29,55.74,55.08,55.71,759900.0
2005-11-18,55.85,55.91,55.1,55.19,1192200.0
2005-11-17,54.56,55.5,54.56,55.5,1204700.0
2005-11-16,54.39,54.7,54.3,54.41,1326600.0
2005-11-15,54.38,54.68,54.03,54.43,1032600.0
2005-11-14,54.4,54.74,54.22,54.38,922000.0
2005-11-11,53.7,54.56,53.57,54.45,1055700.0
2005-11-10,52.88,53.59,52.56,53.59,1508800.0
2005-11-09,53.35,53.38,52.82,52.89,2017200.0
2005-11-08,53.23,53.55,52.88,53.48,932300.0
2005-11-07,53.03,53.42,52.95,53.21,1138300.0
2005-11-04,53.02,53.37,52.88,53.21,1147700.0
2005-11-03,53.16,53.86,52.9,53.01,1895500.0
2005-11-02,52.68,53.22,52.54,53.15,1425600.0
2005-11-01,52.09,52.59,51.71,52.23,1702400.0
2005-10-31,51.11,52.35,51.11,52.1,1906900.0
2005-10-28,50.65,51.23,50.28,51.1,2638200.0
2005-10-27,50.63,50.78,49.94,50.24,1825500.0
2005-10-26,50.56,51.09,50.46,50.59,1689800.0
2005-10-25,50.78,51.11,50.39,50.52,1840900.0
2005-10-24,50.1,51.24,50.1,51.12,2563600.0
2005-10-21,49.43,50.0,49.43,49.85,3060600.0
2005-10-20,51.8,51.81,49.0,49.43,5854200.0
2005-10-19,51.6,52.6,51.31,52.44,1593500.0
2005-10-18,51.7,52.06,51.41,51.8,821100.0
2005-10-17,51.99,52.15,51.58,51.94,903600.0
2005-10-14,51.57,52.09,51.43,51.94,1136400.0
2005-10-13,51.6,51.87,51.16,51.54,1786900.0
2005-10-12,52.35,52.58,51.81,52.23,1113900.0
2005-10-11,53.05,53.18,52.3,52.34,1677200.0
2005-10-10,53.2,53.37,52.71,53.0,1009300.0
2005-10-07,53.0,53.37,53.0,53.19,1060800.0
2005-10-06,52.74,53.19,52.14,52.68,1262200.0
2005-10-05,52.96,53.36,52.55,52.55,2236300.0
2005-10-04,53.8,54.25,53.04,53.08,1341600.0
2005-10-03,53.85,54.16,53.71,53.8,733300.0
2005-09-30,53.65,53.83,53.2,53.83,919300.0
2005-09-29,53.0,53.56,52.6,53.54,1172600.0
2005-09-28,53.0,53.11,52.1,52.81,1623100.0
2005-09-27,52.71,53.23,52.3,53.01,1516200.0
2005-09-26,53.35,53.84,52.01,52.51,1302600.0
2005-09-23,52.41,53.06,51.89,52.99,1275600.0
2005-09-22,52.1,52.61,51.7,52.38,1389100.0
2005-09-21,52.05,52.23,51.68,51.78,1832300.0
2005-09-20,52.41,52.72,52.05,52.18,1549000.0
2005-09-19,52.31,52.42,51.92,52.4,1707900.0
2005-09-16,52.92,53.17,51.73,52.2,5889900.0
2005-09-15,54.05,54.28,52.89,52.98,2138700.0
2005-09-14,55.14,55.2,53.65,53.95,1691200.0
2005-09-13,55.56,55.6,54.86,54.9,1083900.0
2005-09-12,54.9,55.75,54.9,55.55,1582900.0
2005-09-09,54.15,55.08,54.1,54.99,963200.0
2005-09-08,53.51,54.3,53.5,54.15,1839500.0
2005-09-07,54.4,54.74,54.32,54.49,829500.0
2005-09-06,54.17,54.75,54.14,54.56,1156400.0
2005-09-02,53.88,54.19,53.69,53.81,836200.0
2005-09-01,53.83,54.06,53.42,53.45,1128800.0
2005-08-31,52.29,53.56,52.09,53.56,1362600.0
2005-08-30,52.86,52.91,51.94,52.42,1069900.0
2005-08-29,52.61,53.24,52.53,53.07,1174300.0
2005-08-26,53.23,53.41,52.85,52.97,1173300.0
2005-08-25,53.6,53.75,53.13,53.41,789900.0
2005-08-24,53.98,54.38,53.41,53.5,911600.0
2005-08-23,53.82,54.27,53.56,54.15,1440000.0
2005-08-22,54.5,54.5,53.76,53.92,1050500.0
2005-08-19,54.82,54.82,54.29,54.41,915000.0
2005-08-18,54.9,54.92,54.4,54.51,732700.0
2005-08-17,54.8,55.25,54.55,54.93,883700.0
2005-08-16,55.75,55.9,55.2,55.2,984400.0
2005-08-15,55.93,56.07,55.41,55.7,647700.0
2005-08-12,56.1,56.19,55.67,55.92,623600.0
2005-08-11,55.83,56.31,55.6,56.31,720000.0
2005-08-10,55.48,56.32,55.42,55.83,1305900.0
2005-08-09,56.24,56.4,55.37,55.48,1165200.0
2005-08-08,56.38,56.4,56.0,56.21,1120800.0
2005-08-05,56.36,56.81,55.88,56.02,898100.0
2005-08-04,56.32,56.75,56.25,56.36,719700.0
2005-08-03,56.37,57.03,55.98,56.67,1598300.0
2005-08-02,55.36,56.8,55.3,56.68,1797600.0
2005-08-01,56.0,56.05,55.3,55.67,1298400.0
2005-07-29,56.45,56.45,55.42,55.45,1072400.0
2005-07-28,55.93,56.4,55.7,56.33,1509000.0
2005-07-27,55.6,55.95,55.06,55.9,1570600.0
2005-07-26,55.15,55.91,54.75,55.19,1920400.0
2005-07-25,54.9,55.6,54.72,54.85,1356800.0
2005-07-22,55.0,55.24,54.53,54.77,1630200.0
2005-07-21,53.05,55.1,52.95,55.1,3141400.0
2005-07-20,52.16,53.06,51.8,53.05,1035400.0
2005-07-19,52.25,52.45,51.82,52.16,1546400.0
2005-07-18,52.53,52.71,51.96,51.96,1144400.0
2005-07-15,52.01,52.33,51.5,52.28,1297200.0
2005-07-14,52.6,52.83,51.8,52.01,1804500.0
2005-07-13,52.25,52.39,52.0,52.17,1195100.0
2005-07-12,53.11,53.25,51.55,52.0,2217700.0
2005-07-11,53.1,53.35,52.81,53.06,1396100.0
2005-07-08,51.76,53.03,51.68,52.89,1124600.0
2005-07-07,51.4,51.9,51.05,51.76,1784300.0
2005-07-06,52.18,52.37,51.84,51.9,1844100.0
2005-07-05,52.8,53.09,52.43,52.47,1834000.0
2005-07-01,52.6,53.4,52.4,52.83,1995400.0
2005-06-30,52.3,52.53,52.14,52.34,2084900.0
2005-06-29,52.67,52.74,52.19,52.26,1531100.0
2005-06-28,52.45,53.21,52.4,52.65,1631400.0
2005-06-27,51.81,52.28,51.55,52.25,1322800.0
2005-06-24,52.85,52.85,51.7,51.81,2727400.0
2005-06-23,54.2,54.32,52.7,52.78,1678300.0
2005-06-22,54.9,54.95,53.9,54.11,1224900.0
2005-06-21,54.74,54.87,54.45,54.64,802400.0
2005-06-20,54.75,54.9,54.32,54.75,773400.0
2005-06-17,54.6,55.0,54.04,54.9,1845800.0
2005-06-16,53.95,54.42,53.75,54.09,948000.0
2005-06-15,54.55,54.75,53.15,54.06,1711300.0
2005-06-14,54.47,54.83,54.19,54.55,874400.0
2005-06-13,54.2,55.12,54.08,54.67,1165200.0
2005-06-10,54.01,54.98,54.0,54.43,1033800.0
2005-06-09,55.0,55.05,54.35,54.5,1512200.0
2005-06-08,55.65,55.78,55.02,55.19,598300.0
2005-06-07,55.58,56.0,55.28,55.33,991800.0
2005-06-06,55.3,55.57,55.02,55.5,896200.0
2005-06-03,55.73,55.74,54.87,55.16,799000.0
2005-06-02,55.45,55.78,55.15,55.73,1151000.0
2005-06-01,55.13,55.13,55.13,55.13,2083300.0
2005-05-31,54.73,55.43,54.29,55.13,3359100.0
2005-05-27,54.49,54.76,54.37,54.6,1332800.0
2005-05-26,53.93,54.62,53.93,54.56,1492300.0
2005-05-25,53.85,53.95,53.44,53.81,1025600.0
2005-05-24,54.33,54.33,53.65,53.95,1421800.0
2005-05-23,53.55,54.5,53.55,54.32,1214600.0
2005-05-20,54.05,54.11,53.04,53.4,1301900.0
2005-05-19,53.69,54.17,53.35,54.05,1384900.0
2005-05-18,53.4,53.88,53.09,53.69,1434500.0
2005-05-17,52.95,53.23,52.18,53.23,1767100.0
2005-05-16,52.6,53.24,52.5,53.15,1510900.0
2005-05-13,52.42,53.11,52.17,52.55,1575100.0
2005-05-12,53.25,53.37,52.41,52.45,2244200.0
2005-05-11,51.0,52.64,50.95,52.35,3576900.0
2005-05-10,51.55,51.62,50.71,50.74,1897900.0
2005-05-09,51.7,52.1,51.62,51.98,783400.0
2005-05-06,51.9,52.34,51.74,51.92,1195700.0
2005-05-05,51.54,51.7,50.96,51.45,1376100.0
2005-05-04,50.5,51.71,50.5,51.7,1572300.0
2005-05-03,50.65,51.61,50.56,51.27,2314300.0
2005-05-02,50.81,51.13,50.41,50.89,1378600.0
2005-04-29,50.15,50.75,49.65,50.63,1833700.0
2005-04-28,50.5,50.85,49.43,49.65,2036500.0
2005-04-27,51.36,51.39,50.56,50.9,1515700.0
2005-04-26,52.13,52.38,51.18,51.36,1605700.0
2005-04-25,51.4,52.25,51.4,52.13,2183700.0
2005-04-22,52.0,52.54,50.1,50.92,3667400.0
2005-04-21,49.9,50.72,48.35,50.48,4524200.0
2005-04-20,50.2,51.0,49.81,49.9,3319400.0
2005-04-19,48.7,49.41,48.62,49.3,2297700.0
2005-04-18,48.73,49.1,48.33,48.56,1711800.0
2005-04-15,50.0,50.01,48.32,48.59,3028600.0
2005-04-14,51.4,51.51,50.07,50.17,1843100.0
2005-04-13,52.25,52.42,51.54,51.63,1474100.0
2005-04-12,51.6,52.62,51.22,52.41,2393200.0
2005-04-11,51.9,52.0,51.26,51.5,1846300.0
2005-04-08,51.95,52.4,51.82,51.85,1996200.0
2005-04-07,51.85,52.04,51.69,51.77,2896000.0
2005-04-06,52.22,52.26,51.6,51.8,1441700.0
2005-04-05,52.06,52.45,51.7,51.88,1923700.0
2005-04-04,52.59,52.6,50.65,51.7,4126400.0
2005-04-01,53.61,53.76,52.45,52.6,2052900.0
2005-03-31,53.34,53.68,53.05,53.41,1413200.0
2005-03-30,52.94,53.34,52.87,53.27,1341600.0
2005-03-29,53.45,53.91,52.7,52.85,1391400.0
2005-03-28,54.13,54.3,53.44,53.7,1122800.0
2005-03-24,53.91,54.46,53.88,53.88,894300.0
2005-03-23,53.6,54.17,53.6,53.9,1443900.0
2005-03-22,54.36,54.92,54.12,54.12,1340700.0
2005-03-21,54.48,54.85,54.18,54.49,1129400.0
2005-03-18,53.96,54.48,53.77,54.31,3356300.0
2005-03-17,53.98,54.26,53.78,53.95,1328600.0
2005-03-16,54.0,54.4,53.75,54.04,1243600.0
2005-03-15,54.79,55.0,54.15,54.25,1419400.0
2005-03-14,54.6,54.9,54.3,54.54,1785700.0
2005-03-11,54.76,55.2,54.35,54.5,1207600.0
2005-03-10,54.55,54.92,54.39,54.76,1172500.0
2005-03-09,54.77,55.25,54.489,54.62,1506500.0
2005-03-08,55.6,55.73,55.1,55.23,1265900.0
2005-03-07,56.0,56.38,55.74,55.8,1411400.0
2005-03-04,55.45,56.01,55.0,55.93,1106300.0
2005-03-03,55.03,55.35,54.64,54.97,1152700.0
2005-03-02,54.61,55.56,54.18,55.02,1186100.0
2005-03-01,54.17,54.91,54.11,54.69,1247000.0
2005-02-28,53.85,54.45,53.78,54.17,1100100.0
2005-02-25,53.77,54.09,53.35,54.05,1518600.0
2005-02-24,53.4,53.75,52.98,53.6,2050300.0
2005-02-23,53.7,53.7,53.27,53.3,1361200.0
2005-02-22,54.15,54.48,53.45,53.45,1499100.0
2005-02-18,54.9,54.99,54.4,54.55,1076000.0
2005-02-17,55.25,55.39,54.88,54.88,1413700.0
2005-02-16,54.9,55.18,54.66,55.13,1196900.0
2005-02-15,55.25,55.36,54.5,54.89,1532200.0
2005-02-14,55.61,55.61,55.03,55.23,646900.0
2005-02-11,54.71,55.72,54.51,55.51,967200.0
2005-02-10,55.07,55.4,54.59,54.7,1876700.0
2005-02-09,55.54,55.8,55.06,55.2,1312800.0
2005-02-08,55.5,55.73,55.14,55.53,939100.0
2005-02-07,55.59,55.95,55.38,55.5,835700.0
2005-02-04,54.55,55.7,54.5,55.59,962200.0
2005-02-03,54.8,54.8,54.13,54.45,894100.0
2005-02-02,55.3,55.31,54.42,54.8,1178200.0
2005-02-01,55.0,55.14,54.78,55.13,1509100.0
2005-01-31,55.3,55.5,54.65,54.88,1107400.0
2005-01-28,54.83,55.0,54.17,54.83,946800.0
2005-01-27,54.59,54.97,53.41,54.9,1671300.0
2005-01-26,54.14,54.81,54.07,54.6,1889400.0
2005-01-25,53.02,54.15,52.93,53.89,1568600.0
2005-01-24,53.2,53.41,52.52,52.92,1512800.0
2005-01-21,53.7,54.0,53.02,53.02,1618900.0
2005-01-20,54.33,54.46,53.67,53.9,1614300.0
2005-01-19,55.0,55.252,54.35,54.58,1731800.0
2005-01-18,54.85,54.98,53.69,54.98,2474400.0
2005-01-14,55.25,55.35,54.6,54.95,1408500.0
2005-01-13,56.05,56.05,54.96,55.0,1117300.0
2005-01-12,55.73,56.05,55.1,56.05,1171600.0
2005-01-11,55.24,55.93,55.02,55.69,982600.0
2005-01-10,55.7,55.75,55.16,55.32,1175200.0
2005-01-07,55.65,55.9,55.05,55.5,1003400.0
2005-01-06,55.37,55.7,54.87,55.4,1271500.0
2005-01-05,55.87,56.2,55.18,55.37,1619100.0
2005-01-04,56.3,56.71,55.1,55.65,1850400.0
2005-01-03,57.75,57.92,56.1,56.23,1051100.0
2004-12-31,57.85,58.18,57.41,57.41,687500.0
2004-12-30,57.85,57.96,57.34,57.6,396600.0
2004-12-29,57.58,57.86,57.43,57.6,439600.0
2004-12-28,57.27,57.88,57.1,57.85,623300.0
2004-12-27,57.44,57.73,57.0,57.02,560800.0
2004-12-23,57.4,57.99,56.92,57.19,747900.0
2004-12-22,57.45,57.47,56.9,57.22,1046500.0
2004-12-21,57.1,57.49,56.88,57.25,975600.0
2004-12-20,57.25,57.58,56.9,56.98,949900.0
2004-12-17,56.1,57.17,56.1,56.74,2129100.0
2004-12-16,57.6,57.7,56.5,56.53,1506400.0
2004-12-15,57.25,58.17,57.25,58.12,876800.0
2004-12-14,57.5,57.62,57.22,57.29,1341100.0
2004-12-13,57.6,57.83,57.13,57.5,977200.0
2004-12-10,58.28,58.28,56.88,57.35,874500.0
2004-12-09,57.25,57.47,56.42,57.25,1630700.0
2004-12-08,57.35,57.72,56.81,57.25,872200.0
2004-12-07,58.05,58.24,57.0,57.0,839400.0
2004-12-06,57.88,58.39,57.58,57.68,964600.0
2004-12-03,57.88,58.35,57.51,57.88,785300.0
2004-12-02,58.1,58.27,57.62,57.94,1058700.0
2004-12-01,57.13,58.18,57.01,58.1,1224500.0
2004-11-30,57.1,57.5,56.88,56.88,1071800.0
2004-11-29,58.25,58.45,57.27,57.48,1536200.0
2004-11-26,58.3,58.39,57.9,57.9,320000.0
2004-11-24,58.25,58.66,58.1,58.4,427700.0
2004-11-23,57.95,58.32,57.52,58.06,971700.0
2004-11-22,57.68,58.09,57.41,57.94,875100.0
2004-11-19,58.64,58.64,57.45,57.67,804200.0
2004-11-18,58.65,58.9,58.25,58.64,884700.0
2004-11-17,57.2,58.61,57.2,58.41,1802000.0
2004-11-16,57.0,57.3,56.38,57.03,991600.0
2004-11-15,57.66,57.7,57.0,57.19,1110700.0
2004-11-12,57.6,57.93,57.24,57.91,785300.0
2004-11-11,56.75,57.85,56.6,57.51,694400.0
2004-11-10,57.25,57.26,56.38,56.5,1889000.0
2004-11-09,57.18,57.46,56.96,57.15,777600.0
2004-11-08,57.55,57.95,57.38,57.39,879700.0
2004-11-05,57.08,58.12,56.84,57.55,1561700.0
2004-11-04,55.4,57.0,55.35,56.96,1023500.0
2004-11-03,55.95,56.08,55.52,55.65,1369000.0
2004-11-02,55.33,56.39,54.92,55.32,1562500.0
2004-11-01,55.3,55.48,54.8,55.33,971700.0
2004-10-29,54.9,55.56,54.72,55.13,1273500.0
2004-10-28,54.74,55.05,54.32,54.74,873800.0
2004-10-27,54.0,55.0,53.59,54.99,1107900.0
2004-10-26,53.0,54.3,52.66,54.3,1529900.0
2004-10-25,53.73,54.46,53.55,54.12,978200.0
2004-10-22,54.46,54.55,53.62,53.68,1075900.0
2004-10-21,54.38,55.01,53.52,54.61,2013500.0
2004-10-20,53.15,54.38,53.06,54.38,2093600.0
2004-10-19,52.6,53.37,52.6,53.27,1691900.0
2004-10-18,52.65,52.65,52.06,52.5,1009700.0
2004-10-15,52.3,52.86,52.21,52.65,829300.0
2004-10-14,52.55,52.66,52.03,52.18,803600.0
2004-10-13,53.25,53.3,52.27,52.68,1044800.0
2004-10-12,53.42,53.6,52.86,53.19,950700.0
2004-10-11,53.2,53.67,53.14,53.45,544500.0
2004-10-08,53.63,53.86,52.85,53.03,986300.0
2004-10-07,54.2,54.58,53.63,53.63,2204100.0
2004-10-06,52.25,55.15,51.62,54.9,5017200.0
2004-10-05,51.74,52.06,51.44,52.0,1945000.0
2004-10-04,51.85,52.3,51.64,51.74,1364200.0
2004-10-01,51.45,51.66,51.16,51.61,1618400.0
2004-09-30,51.34,51.58,50.87,51.28,2417400.0
2004-09-29,50.9,51.47,50.75,51.35,1482600.0
2004-09-28,50.35,51.23,49.82,51.05,1406100.0
2004-09-27,50.4,50.75,50.03,50.25,1001500.0
2004-09-24,50.9,51.05,50.11,50.58,1355800.0
2004-09-23,51.16,51.22,50.71,50.75,1350300.0
2004-09-22,52.23,52.23,51.02,51.07,1553000.0
2004-09-21,52.05,52.49,52.01,52.25,1360600.0
2004-09-20,52.55,52.74,52.04,52.29,1058600.0
2004-09-17,52.5,52.96,52.15,52.6,1278200.0
2004-09-16,51.85,52.46,51.85,52.32,894700.0
2004-09-15,52.37,52.7,51.41,51.75,1597200.0
2004-09-14,51.93,52.42,51.82,52.37,1143900.0
2004-09-13,51.4,52.15,51.38,51.92,1754300.0
2004-09-10,51.1,51.42,50.58,51.41,1032800.0
2004-09-09,51.01,51.5,50.67,51.0,1076700.0
2004-09-08,51.34,51.49,50.71,50.94,1737500.0
2004-09-07,51.18,51.6,51.04,51.34,1523000.0
2004-09-03,50.95,51.21,50.68,50.93,684000.0
2004-09-02,50.9,51.1,50.55,50.94,1293100.0
2004-09-01,51.42,51.9,50.7,50.9,1701700.0
2004-08-31,50.5,51.44,50.47,51.42,1417900.0
2004-08-30,50.7,50.75,50.22,50.35,612200.0
2004-08-27,50.39,50.75,50.15,50.69,648600.0
2004-08-26,50.43,50.64,50.16,50.38,529800.0
2004-08-25,49.8,50.7,49.62,50.4,1016400.0
2004-08-24,49.99,50.35,49.55,49.75,1347000.0
2004-08-23,49.73,50.25,49.73,49.95,824000.0
2004-08-20,49.37,49.84,49.35,49.73,1068000.0
2004-08-19,50.0,50.01,49.22,49.52,1338000.0
2004-08-18,49.3,50.2,49.23,50.2,1073800.0
2004-08-17,49.05,49.9,49.05,49.55,1406700.0
2004-08-16,47.85,49.14,47.85,48.95,1685300.0
2004-08-13,48.25,48.4,47.75,47.85,952300.0
2004-08-12,48.7,48.71,47.65,48.0,1016700.0
2004-08-11,48.95,49.12,48.09,48.95,948800.0
2004-08-10,48.75,49.15,48.35,49.1,998900.0
2004-08-09,48.68,49.06,48.34,48.34,748400.0
2004-08-06,49.0,49.09,48.5,48.67,1182000.0
2004-08-05,50.53,50.67,49.1,49.15,1036100.0
2004-08-04,50.55,50.89,50.04,50.54,1522600.0
2004-08-03,51.05,51.3,50.62,50.68,979100.0
2004-08-02,50.65,51.2,50.08,50.96,927900.0
2004-07-30,51.0,51.1,50.51,50.65,1010300.0
2004-07-29,50.93,51.33,50.54,50.87,1139900.0
2004-07-28,50.8,51.02,49.88,50.79,1515800.0
2004-07-27,50.85,51.05,50.51,50.7,1732700.0
2004-07-26,50.4,50.95,50.1,50.75,1694100.0
2004-07-23,50.41,50.88,49.04,50.28,1790900.0
2004-07-22,48.84,50.61,48.3,50.41,2751500.0
2004-07-21,50.13,50.5,48.81,48.83,1961300.0
2004-07-20,49.9,50.13,49.56,50.11,1223200.0
2004-07-19,51.1,51.11,49.83,49.89,1754100.0
2004-07-16,51.3,51.45,51.0,51.11,1259900.0
2004-07-15,50.56,51.32,50.47,50.94,1413600.0
2004-07-14,50.46,50.97,50.39,50.55,1065400.0
2004-07-13,50.05,50.72,50.05,50.45,960300.0
2004-07-12,50.0,50.13,49.33,49.93,918500.0
2004-07-09,49.65,50.18,49.65,50.0,970200.0
2004-07-08,50.45,50.64,49.52,49.52,1415700.0
2004-07-07,49.64,50.75,49.49,50.45,1699200.0
2004-07-06,50.1,50.19,49.51,49.64,1237900.0
2004-07-02,50.98,51.05,50.11,50.27,1081700.0
2004-07-01,51.85,52.02,50.5,50.98,1482800.0
2004-06-30,51.41,52.0,51.28,51.85,1430200.0
2004-06-29,50.5,51.53,50.15,51.4,1740000.0
2004-06-28,50.65,50.85,50.3,50.4,1554300.0
2004-06-25,50.5,50.69,50.34,50.4,1552100.0
2004-06-24,50.85,50.85,50.05,50.16,1735300.0
2004-06-23,49.85,50.8,49.46,50.74,2068000.0
2004-06-22,49.38,49.74,48.91,49.62,1581800.0
2004-06-21,48.69,49.6,48.35,49.38,1640700.0
2004-06-18,47.98,48.95,47.9,48.74,1670900.0
2004-06-17,48.2,48.35,47.5,48.23,898400.0
2004-06-16,48.56,48.56,48.15,48.39,879400.0
2004-06-15,47.85,48.8,47.85,48.55,1372500.0
2004-06-14,47.85,47.86,47.52,47.62,1188300.0
2004-06-10,48.2,48.35,47.57,47.85,1231800.0
2004-06-09,48.65,48.67,47.9,47.99,1022800.0
2004-06-08,48.95,49.0,48.53,48.75,1702000.0
2004-06-07,47.45,48.81,47.2,48.77,1804700.0
2004-06-04,47.0,47.57,46.98,47.07,660300.0
2004-06-03,47.4,47.41,46.8,46.8,874200.0
2004-06-02,47.19,47.46,46.85,47.43,1136000.0
2004-06-01,46.84,47.23,46.67,47.19,994100.0
2004-05-28,46.8,47.17,46.74,47.03,1347100.0
2004-05-27,46.3,46.84,46.07,46.65,1721200.0
2004-05-26,45.78,46.12,45.33,46.0,1476600.0
2004-05-25,45.27,45.94,44.64,45.75,1481700.0
2004-05-24,45.2,45.5,45.06,45.26,1270500.0
2004-05-21,45.1,45.39,44.75,45.02,532650.0
2004-05-20,89.3,89.88,88.64,89.25,1276800.0
2004-05-19,90.45,91.21,89.83,89.88,941500.0
2004-05-18,89.15,90.0,89.13,89.88,471100.0
2004-05-17,89.55,89.69,88.62,89.0,684600.0
2004-05-14,90.15,90.75,89.51,89.98,648000.0
2004-05-13,91.18,91.43,89.62,89.97,1272900.0
2004-05-12,89.9,91.72,89.31,91.42,821000.0
2004-05-11,89.0,89.77,88.89,89.65,987400.0
2004-05-10,89.4,90.5,88.26,88.95,1759900.0
2004-05-07,93.78,94.49,91.0,91.0,1083100.0
2004-05-06,94.52,94.59,93.36,93.83,832500.0
2004-05-05,94.25,95.0,93.6,94.52,632400.0
2004-05-04,94.4,94.93,93.91,94.26,938300.0
2004-05-03,92.52,93.62,92.25,93.48,948300.0
2004-04-30,93.7,93.9,92.35,92.52,1122900.0
2004-04-29,94.08,94.35,92.97,93.55,1000500.0
2004-04-28,95.5,95.5,93.62,93.88,853900.0
2004-04-27,94.0,96.2,93.96,95.5,1440500.0
2004-04-26,94.3,94.89,93.36,93.57,768000.0
2004-04-23,94.4,94.83,93.7,93.99,1297300.0
2004-04-22,93.75,94.75,92.0,94.03,1590400.0
2004-04-21,94.24,94.25,93.05,93.6,1147400.0
2004-04-20,95.65,96.13,94.17,94.32,622000.0
2004-04-19,95.82,96.18,95.22,95.55,419500.0
2004-04-16,95.85,96.14,95.06,96.05,781400.0
2004-04-15,94.25,95.26,93.91,95.22,856600.0
2004-04-14,94.01,94.53,93.5,94.0,619500.0
2004-04-13,95.5,95.63,94.0,94.0,546300.0
2004-04-12,95.15,95.48,94.75,95.25,414500.0
2004-04-08,94.5,94.77,93.64,94.04,365700.0
2004-04-07,94.75,95.04,93.37,93.85,860900.0
2004-04-06,95.2,95.64,94.64,94.75,639900.0
2004-04-05,94.7,95.2,94.3,95.2,940400.0
2004-04-02,93.9,94.51,92.83,94.48,809400.0
2004-04-01,93.15,94.2,92.6,92.9,936400.0
2004-03-31,92.94,93.57,92.31,93.37,758100.0
2004-03-30,92.05,93.09,91.75,92.93,665000.0
2004-03-29,91.48,92.46,91.24,92.12,911900.0
2004-03-26,89.82,90.88,89.62,90.17,496000.0
2004-03-25,88.75,90.24,88.55,90.07,914000.0
2004-03-24,88.85,88.96,88.16,88.52,841400.0
2004-03-23,90.8,90.9,88.57,89.02,1674100.0
2004-03-22,91.15,91.4,90.35,90.79,1155600.0
2004-03-19,91.92,92.42,91.4,91.55,696300.0
2004-03-18,92.06,92.75,91.5,92.44,1085800.0
2004-03-17,90.6,96.2,90.0,92.06,1030700.0
2004-03-16,89.53,89.8,88.39,89.39,680700.0
2004-03-15,90.5,90.76,88.25,88.4,1412600.0
2004-03-12,89.5,90.89,89.4,90.85,935100.0
2004-03-11,87.99,89.99,87.65,88.2,1366100.0
2004-03-10,89.85,90.89,87.9,87.99,1834700.0
2004-03-09,90.02,90.02,88.51,89.06,1008400.0
2004-03-08,92.18,92.39,89.85,89.9,609000.0
2004-03-05,91.8,92.53,91.2,92.14,526900.0
2004-03-04,91.9,92.6,91.05,91.8,390200.0
2004-03-03,90.52,91.98,90.25,91.8,596000.0
2004-03-02,91.65,91.72,90.41,90.51,604500.0
2004-03-01,90.4,91.87,90.16,91.72,1058300.0
2004-02-27,91.04,91.36,89.49,89.63,1755200.0
2004-02-26,91.85,91.89,91.0,91.03,624700.0
2004-02-25,90.75,92.5,90.75,91.92,573500.0
2004-02-24,90.95,92.28,90.29,90.9,605400.0
2004-02-23,93.0,93.24,91.0,91.14,486100.0
2004-02-20,92.85,93.23,91.47,92.55,534700.0
2004-02-19,93.9,94.1,92.55,92.81,915900.0
2004-02-18,94.5,94.5,92.54,93.0,660500.0
2004-02-17,93.5,94.39,93.29,93.87,578100.0
2004-02-13,93.88,94.24,92.35,92.44,664300.0
2004-02-12,94.1,94.68,94.06,94.33,568200.0
2004-02-11,93.75,94.62,93.35,94.48,524000.0
2004-02-10,94.15,94.18,92.64,93.65,735900.0
2004-02-09,94.77,94.77,94.03,94.15,873000.0
2004-02-06,91.8,94.85,91.8,94.64,1383300.0
2004-02-05,90.13,92.4,90.05,91.8,930700.0
2004-02-04,90.9,91.17,90.04,90.13,855400.0
2004-02-03,91.9,92.35,91.07,91.47,759900.0
2004-02-02,92.3,92.97,91.27,91.79,1319800.0
2004-01-30,89.98,92.25,89.97,91.55,1423900.0
2004-01-29,90.0,90.85,88.03,89.98,1841000.0
2004-01-28,91.87,92.2,89.2,89.4,1060100.0
2004-01-27,93.45,93.59,91.87,91.87,600600.0
2004-01-26,92.92,93.68,92.26,93.45,557100.0
2004-01-23,92.7,93.8,92.4,93.02,1079600.0
2004-01-22,92.98,93.6,91.97,92.55,1081400.0
2004-01-21,94.0,94.0,92.15,92.94,1046200.0
2004-01-20,95.4,95.4,93.51,93.51,1082000.0
2004-01-16,93.25,95.46,93.0,95.36,2027800.0
2004-01-15,93.0,93.67,92.07,93.47,2472200.0
2004-01-14,89.5,90.25,89.2,90.16,789000.0
2004-01-13,88.73,89.5,88.5,89.5,688900.0
2004-01-12,88.7,88.75,87.98,88.71,710100.0
2004-01-09,89.08,89.95,88.0,88.5,1228700.0
2004-01-08,89.2,89.22,87.77,89.08,1506300.0
2004-01-07,89.5,89.61,88.5,89.2,1235900.0
2004-01-06,89.65,90.3,89.3,89.5,1268300.0
2004-01-05,90.85,91.4,89.88,90.61,1171500.0
2004-01-02,91.85,92.16,90.39,90.72,757500.0
2003-12-31,91.53,92.08,91.23,91.75,767000.0
2003-12-30,92.2,92.35,91.31,91.59,657200.0
2003-12-29,91.9,92.14,91.29,91.95,749100.0
2003-12-26,91.16,91.58,90.98,91.35,145100.0
2003-12-24,91.45,91.48,91.0,91.15,162800.0
2003-12-23,91.45,91.7,90.46,91.56,621200.0
2003-12-22,90.65,91.95,90.56,91.48,867100.0
2003-12-19,91.7,91.75,90.13,90.67,1029900.0
2003-12-18,89.85,91.44,89.8,91.44,1568700.0
2003-12-17,89.6,89.91,88.7,89.68,1230900.0
2003-12-16,89.01,90.1,88.71,89.55,1097500.0
2003-12-15,88.98,89.78,88.69,89.0,1156800.0
2003-12-12,86.35,88.63,86.0,88.26,1819400.0
2003-12-11,82.7,85.77,82.65,85.53,1341700.0
2003-12-10,83.6,83.8,82.35,82.7,888100.0
2003-12-09,84.85,85.61,83.77,83.85,1007300.0
2003-12-08,83.95,84.78,83.64,84.76,651900.0
2003-12-05,84.17,84.55,83.44,83.83,602800.0
2003-12-04,83.38,84.22,83.16,84.16,498100.0
2003-12-03,83.23,84.53,83.23,83.48,638300.0
2003-12-02,83.9,84.16,82.8,82.99,585200.0
2003-12-01,83.4,84.2,83.01,84.14,534600.0
2003-11-28,82.65,83.32,82.56,83.2,177800.0
2003-11-26,82.97,82.97,81.87,82.65,384700.0
2003-11-25,82.25,83.28,81.72,82.72,505800.0
2003-11-24,82.2,82.77,81.81,82.07,616100.0
2003-11-21,81.05,82.08,80.92,81.95,834600.0
2003-11-20,80.43,81.53,79.77,80.54,657600.0
2003-11-19,80.65,81.1,80.01,80.43,812300.0
2003-11-18,81.35,82.02,80.51,80.65,560900.0
2003-11-17,82.07,82.07,80.26,81.24,1084100.0
2003-11-14,83.71,84.27,82.0,82.07,813900.0
2003-11-13,84.5,84.5,83.34,83.7,801700.0
2003-11-12,83.7,84.66,83.65,84.66,489800.0
2003-11-11,83.19,84.32,82.9,83.7,1028500.0
2003-11-10,83.84,83.84,82.75,83.19,716600.0
2003-11-07,84.0,84.2,83.29,83.59,1281900.0
2003-11-06,84.8,85.29,84.4,85.2,495100.0
2003-11-05,83.4,84.28,83.26,84.25,742300.0
2003-11-04,83.1,83.55,82.66,83.33,914300.0
2003-11-03,83.7,84.37,83.2,83.64,594300.0
2003-10-31,82.98,83.3,82.24,82.85,421400.0
2003-10-30,83.1,83.2,82.18,82.98,826500.0
2003-10-29,82.12,83.6,82.03,82.76,814900.0
2003-10-28,81.35,82.2,80.72,81.97,1107100.0
2003-10-27,80.1,80.45,79.98,80.45,717900.0
2003-10-24,79.85,79.85,79.06,79.52,1235000.0
2003-10-23,80.65,80.66,79.26,80.08,849600.0
2003-10-22,81.56,81.56,80.33,80.9,559200.0
2003-10-21,81.2,81.86,81.03,81.56,487900.0
2003-10-20,81.23,81.6,80.27,81.15,933500.0
2003-10-17,82.0,82.0,80.7,81.18,1531800.0
2003-10-16,80.3,80.34,79.0,80.34,1150100.0
2003-10-15,79.15,80.69,79.15,80.29,865800.0
2003-10-14,79.2,79.34,78.55,78.99,587400.0
2003-10-13,78.3,79.03,78.3,79.0,411300.0
2003-10-10,77.84,78.25,77.55,78.05,436000.0
2003-10-09,78.0,78.51,77.37,77.84,732700.0
2003-10-08,78.5,78.67,77.05,77.39,721300.0
2003-10-07,78.45,78.7,77.76,78.7,687800.0
2003-10-06,77.5,79.0,77.5,78.62,620300.0
2003-10-03,76.8,78.48,76.7,77.37,1204400.0
2003-10-02,75.2,76.4,75.0,76.06,575200.0
2003-10-01,73.8,75.42,73.75,75.42,601700.0
2003-09-30,74.52,74.82,73.36,73.86,605100.0
2003-09-29,74.5,74.84,73.82,74.51,662800.0
2003-09-26,73.05,74.81,72.87,74.33,1059600.0
2003-09-25,73.7,73.78,72.83,73.05,953400.0
2003-09-24,75.9,75.9,73.63,73.63,840600.0
2003-09-23,75.09,76.1,74.7,75.75,616200.0
2003-09-22,75.01,75.45,74.5,75.09,763900.0
2003-09-19,75.82,75.89,75.04,75.89,650300.0
2003-09-18,75.0,75.92,74.52,75.81,648800.0
2003-09-17,76.27,76.45,74.815,74.92,822200.0
2003-09-16,75.02,76.47,75.02,76.3,897200.0
2003-09-15,75.55,75.62,74.45,74.87,831500.0
2003-09-12,75.42,76.14,74.8,75.94,776900.0
2003-09-11,74.67,76.24,74.67,75.89,1082700.0
2003-09-10,75.8,75.81,74.33,74.42,1414300.0
2003-09-09,77.33,77.34,75.9,75.9,718400.0
2003-09-08,76.8,77.89,76.75,77.58,662100.0
2003-09-05,77.15,77.33,76.1,76.55,1318300.0
2003-09-04,77.15,78.62,77.15,78.49,1002200.0
2003-09-03,77.32,77.59,77.01,77.15,768700.0
2003-09-02,77.5,77.79,77.05,77.35,761800.0
2003-08-29,76.5,77.45,76.44,77.25,522600.0
2003-08-28,75.9,76.57,75.0,76.42,642100.0
2003-08-27,75.7,76.21,75.3,76.0,375700.0
2003-08-26,75.31,75.71,74.8,75.64,821100.0
2003-08-25,76.1,76.1,75.24,75.31,784300.0
2003-08-22,77.16,77.3,76.2,76.22,714900.0
2003-08-21,76.5,77.55,76.08,76.58,2999000.0
2003-08-20,76.48,76.65,76.0,76.23,826700.0
2003-08-19,76.23,76.8,76.02,76.48,783300.0
2003-08-18,76.0,76.9,75.93,76.6,903600.0
2003-08-15,75.93,76.2,75.09,75.71,520400.0
2003-08-14,74.65,77.23,74.6,75.94,1549000.0
2003-08-13,73.95,74.66,73.7,74.43,1169000.0
2003-08-12,72.62,73.46,72.18,73.44,686000.0
2003-08-11,72.56,73.0,72.0,72.62,615900.0
2003-08-08,72.45,72.64,71.95,72.55,683400.0
2003-08-07,71.77,72.45,71.19,72.31,778800.0
2003-08-06,71.9,72.53,70.66,71.85,926800.0
2003-08-05,72.81,72.99,71.68,71.79,1096900.0
2003-08-04,72.24,73.42,71.4,73.06,918700.0
2003-08-01,72.21,72.75,71.15,72.24,834600.0
2003-07-31,71.3,73.1,71.28,72.2,1261800.0
2003-07-30,71.31,71.63,70.6,71.15,911800.0
2003-07-29,71.75,72.19,70.85,71.31,1022700.0
2003-07-28,70.93,71.8,70.41,71.74,1265300.0
2003-07-25,69.75,70.94,69.5,70.93,809200.0
2003-07-24,69.9,70.93,69.76,69.8,1252700.0
2003-07-23,69.4,70.04,68.61,69.78,659100.0
2003-07-22,68.75,69.9,68.68,69.4,1076000.0
2003-07-21,69.61,69.68,68.32,68.5,965000.0
2003-07-18,68.25,69.65,68.102,69.61,1808900.0
2003-07-17,66.15,67.83,66.0,67.72,1473000.0
2003-07-16,66.37,66.69,65.32,66.21,992500.0
2003-07-15,67.2,67.3,65.98,66.12,920900.0
2003-07-14,67.49,68.4,66.75,66.9,863200.0
2003-07-11,67.31,67.75,66.69,67.0,993500.0
2003-07-10,67.85,67.85,66.69,67.21,947700.0
2003-07-09,68.4,68.79,67.84,68.06,855400.0
2003-07-08,69.09,69.46,68.15,68.75,1042700.0
2003-07-07,68.9,69.95,68.9,69.34,680100.0
2003-07-03,68.15,68.65,67.52,68.01,396300.0
2003-07-02,67.31,68.55,67.31,68.55,1143000.0
2003-07-01,68.05,68.05,66.46,67.31,1449800.0
2003-06-30,68.4,68.7,67.4,68.05,1108900.0
2003-06-27,69.4,69.5,67.91,68.35,878100.0
2003-06-26,68.4,69.74,68.26,69.33,942300.0
2003-06-25,69.47,69.57,68.26,68.37,945500.0
2003-06-24,69.75,69.93,68.75,69.5,855300.0
2003-06-23,70.37,70.37,68.89,69.5,1104000.0
2003-06-20,70.03,70.51,69.51,70.36,1347500.0
2003-06-19,69.7,70.95,69.4,69.53,1415100.0
2003-06-18,69.68,70.3,68.92,69.64,889800.0
2003-06-17,70.4,70.6,69.47,69.6,1213200.0
2003-06-16,68.85,70.25,68.59,70.25,923900.0
2003-06-13,68.96,69.28,67.82,68.21,1095200.0
2003-06-12,69.65,69.97,68.41,68.96,854400.0
2003-06-11,68.6,69.66,67.56,69.4,1166900.0
2003-06-10,69.5,69.71,68.09,68.69,991700.0
2003-06-09,68.89,70.33,68.6,69.37,1329100.0
2003-06-06,70.7,72.25,68.63,68.9,1813300.0
2003-06-05,69.36,70.39,68.62,70.3,1340900.0
2003-06-04,68.84,70.5,68.58,69.35,1154900.0
2003-06-03,68.3,69.301,68.16,68.84,953600.0
2003-06-02,67.25,68.98,67.25,68.05,1319200.0
2003-05-30,65.4,67.0,65.4,66.92,1353900.0
2003-05-29,65.9,66.0,64.55,65.0,2133700.0
2003-05-28,66.85,67.15,65.77,65.8,1697200.0
2003-05-27,66.35,66.45,64.1,66.45,3857000.0
2003-05-23,67.35,67.35,66.34,66.35,1368400.0
2003-05-22,67.25,67.4,66.63,66.84,1083400.0
2003-05-21,68.0,68.0,66.82,67.24,991000.0
2003-05-20,68.0,69.53,67.49,67.92,1306500.0
2003-05-19,69.74,69.79,68.35,68.39,547500.0
2003-05-16,70.33,70.33,69.0,69.74,1002700.0
2003-05-15,70.37,70.57,69.68,70.33,716600.0
2003-05-14,70.7,70.79,69.51,69.97,667900.0
2003-05-13,71.61,71.61,70.18,70.31,752800.0
2003-05-12,69.59,71.83,69.0,71.71,1480700.0
2003-05-09,68.35,69.59,68.05,69.59,842300.0
2003-05-08,68.95,69.09,68.01,68.3,789400.0
2003-05-07,70.25,70.25,68.95,69.4,916500.0
2003-05-06,69.15,70.42,69.15,70.25,866400.0
2003-05-05,70.5,70.5,69.11,69.35,769000.0
2003-05-02,68.75,69.75,68.48,69.48,1078100.0
2003-05-01,68.98,69.2,67.95,68.75,709900.0
2003-04-30,68.6,69.45,68.15,68.98,804900.0
2003-04-29,68.45,69.4,68.18,69.05,783900.0
2003-04-28,67.55,68.74,67.5,68.34,815600.0
2003-04-25,68.61,68.61,67.04,67.17,959500.0
2003-04-24,69.25,69.25,68.0,68.61,1389100.0
2003-04-23,70.49,70.5,69.37,69.55,1202500.0
2003-04-22,68.85,71.06,68.66,70.49,3149800.0
2003-04-21,69.35,69.5,68.78,69.07,667100.0
2003-04-17,66.57,69.72,66.35,69.58,1736000.0
2003-04-16,67.95,68.08,66.3,66.56,955500.0
2003-04-15,66.93,67.95,66.562,67.55,1227700.0
2003-04-14,66.0,67.2,65.68,66.93,982700.0
2003-04-11,66.42,67.0,65.5,65.68,1143500.0
2003-04-10,65.09,66.36,65.0,66.02,889300.0
2003-04-09,66.07,66.6,65.06,65.06,1717000.0
2003-04-08,67.75,67.75,65.99,66.07,2204100.0
2003-04-07,69.45,70.32,68.81,68.93,855800.0
2003-04-04,68.95,69.0,67.46,67.96,762000.0
2003-04-03,69.92,69.92,68.23,68.37,1062800.0
2003-04-02,67.96,69.29,67.94,68.87,1469700.0
2003-04-01,65.95,66.9,65.62,66.79,1009100.0
2003-03-31,64.65,65.99,64.37,65.76,1171400.0
2003-03-28,65.45,65.66,64.64,65.25,1263600.0
2003-03-27,66.3,66.55,65.4,65.45,1537700.0
2003-03-26,67.61,67.67,66.2,66.91,842200.0
2003-03-25,66.8,67.7,66.06,67.64,1020900.0
2003-03-24,67.65,67.66,66.35,66.6,1113800.0
2003-03-21,67.99,68.5,66.95,68.49,1377100.0
2003-03-20,67.6,67.71,65.72,67.19,1526100.0
2003-03-19,67.0,67.7,66.46,67.6,1107700.0
2003-03-18,67.05,67.43,66.2,67.38,1185000.0
2003-03-17,63.94,67.05,63.5,67.04,1614300.0
2003-03-14,64.25,64.75,63.6,63.94,1266000.0
2003-03-13,64.3,64.3,63.12,64.25,1460700.0
2003-03-12,63.18,63.4,62.02,62.85,1496200.0
2003-03-11,63.0,63.66,62.45,63.25,1641400.0
2003-03-10,63.8,63.8,62.85,63.21,922800.0
2003-03-07,62.95,64.29,62.4,64.26,852400.0
2003-03-06,63.68,63.84,62.55,63.2,901900.0
2003-03-05,63.75,64.05,63.1,63.68,919600.0
2003-03-04,65.45,65.46,63.58,63.75,1186800.0
2003-03-03,65.19,65.99,65.15,65.54,1141400.0
2003-02-28,64.9,65.5,64.59,65.02,1021300.0
2003-02-27,63.9,64.74,63.62,64.4,1099300.0
2003-02-26,64.2,64.45,63.71,63.8,948700.0
2003-02-25,63.2,64.34,62.41,64.32,1374300.0
2003-02-24,63.8,63.8,62.92,63.42,876300.0
2003-02-21,62.62,63.78,62.2,63.78,878800.0
2003-02-20,63.2,63.33,62.1,62.2,567300.0
2003-02-19,63.55,63.85,62.65,63.1,590600.0
2003-02-18,63.16,64.25,63.16,63.6,892600.0
2003-02-14,61.4,63.16,61.4,63.01,738100.0
2003-02-13,61.45,61.5,60.35,61.14,679300.0
2003-02-12,62.36,62.95,61.33,61.39,830000.0
2003-02-11,62.45,62.9,62.11,62.36,1158800.0
2003-02-10,61.7,62.55,61.1,62.1,814600.0
2003-02-07,62.5,62.5,61.29,61.4,624000.0
2003-02-06,63.05,63.49,61.79,61.85,894900.0
2003-02-05,62.12,64.09,62.12,63.25,1324500.0
2003-02-04,61.9,62.21,61.47,62.12,1036700.0
2003-02-03,61.46,62.35,61.13,62.03,1325400.0
2003-01-31,60.46,62.4,59.8,61.41,1541300.0
2003-01-30,61.68,62.25,60.45,60.45,1167400.0
2003-01-29,61.35,61.75,60.63,61.12,1612600.0
2003-01-28,61.35,61.75,60.63,61.12,958700.0
2003-01-27,61.4,62.2,60.58,60.98,860100.0
2003-01-24,63.22,63.24,61.6,61.87,533200.0
2003-01-23,62.24,63.62,62.0,63.47,706100.0
2003-01-22,62.92,63.35,61.85,61.97,975600.0
2003-01-21,63.89,64.15,62.9,62.95,998400.0
2003-01-17,65.1,65.15,63.38,63.88,1015900.0
2003-01-16,65.1,66.1,64.92,65.4,910900.0
2003-01-15,65.15,65.35,64.62,64.68,846900.0
2003-01-14,65.09,65.74,64.6,65.46,763200.0
2003-01-13,65.95,66.36,65.06,65.1,819400.0
2003-01-10,65.15,66.3,65.0,65.37,1173300.0
2003-01-09,65.51,67.0,65.51,66.7,630000.0
2003-01-08,66.05,66.05,65.06,65.46,685500.0
2003-01-07,67.99,67.99,66.23,66.37,1487100.0
2003-01-06,67.3,68.45,67.29,67.98,888800.0
2003-01-03,67.8,67.97,67.05,67.39,1157100.0
2003-01-02,65.86,67.5,65.67,67.5,1006800.0
2002-12-31,65.5,65.92,64.85,65.7,1102000.0
2002-12-30,64.97,65.5,64.5,65.35,855600.0
2002-12-27,66.6,66.61,64.61,64.96,793700.0
2002-12-26,66.05,67.19,66.05,66.75,782200.0
2002-12-24,65.75,66.4,65.7,66.05,401200.0
2002-12-23,65.1,66.35,65.1,66.27,1351700.0
2002-12-20,63.0,65.25,62.88,65.1,2251800.0
2002-12-19,61.7,62.7,61.49,62.41,1434800.0
2002-12-18,62.4,62.75,61.31,61.72,982200.0
2002-12-17,62.22,62.65,61.75,62.54,971000.0
2002-12-16,60.92,61.92,60.8,61.92,965700.0
2002-12-13,61.45,61.75,60.11,60.33,1118200.0
2002-12-12,62.05,62.15,60.93,61.49,471900.0
2002-12-11,61.7,62.23,60.95,61.81,646100.0
2002-12-10,61.35,62.0,61.05,61.74,870800.0
2002-12-09,61.61,61.64,60.37,60.85,577400.0
2002-12-06,60.2,62.0,60.2,61.61,436600.0
2002-12-05,62.05,62.35,60.59,61.07,594000.0
2002-12-04,60.5,62.47,60.3,62.05,801600.0
2002-12-03,62.5,62.5,61.0,61.27,642400.0
2002-12-02,64.0,64.49,62.35,63.19,1015500.0
2002-11-29,63.05,63.25,62.45,62.84,358300.0
2002-11-27,61.75,63.5,61.36,63.02,806500.0
2002-11-26,62.5,63.05,60.8,61.06,977900.0
2002-11-25,62.92,63.82,62.6,63.21,863600.0
2002-11-22,62.5,63.49,62.5,62.74,1308900.0
2002-11-21,60.85,63.65,60.81,63.59,1333700.0
2002-11-20,59.55,60.75,58.35,60.58,1179700.0
2002-11-19,59.84,60.43,59.2,59.75,730900.0
2002-11-18,60.0,60.25,59.05,59.84,1000100.0
2002-11-15,59.18,60.0,58.85,59.81,726700.0
2002-11-14,58.15,59.55,57.95,59.55,839000.0
2002-11-13,56.37,58.15,55.95,57.16,910300.0
2002-11-12,55.92,56.9,55.47,56.45,1227700.0
2002-11-11,56.8,56.8,55.39,55.5,1097000.0
2002-11-08,57.5,57.7,56.64,56.8,1102800.0
2002-11-07,57.5,57.7,56.85,57.32,1135700.0
2002-11-06,57.85,58.22,56.5,58.0,1861000.0
2002-11-05,58.05,58.1,56.39,57.45,1100700.0
2002-11-04,58.32,58.75,57.7,57.84,1132500.0
2002-11-01,57.7,58.25,56.33,57.88,1571700.0
2002-10-31,58.5,59.31,57.36,57.85,799100.0
2002-10-30,57.86,58.89,57.3,58.5,693300.0
2002-10-29,57.3,57.98,56.34,57.86,1059700.0
2002-10-28,58.85,59.25,57.3,57.67,1138700.0
2002-10-25,57.34,58.8,56.85,58.6,1164900.0
2002-10-24,59.7,59.96,56.99,57.26,1181500.0
2002-10-23,58.2,59.01,57.09,58.99,2182600.0
2002-10-22,59.49,60.1,58.76,59.03,1071000.0
2002-10-21,57.35,60.75,56.89,60.66,1383500.0
2002-10-18,55.75,58.25,55.25,57.74,1103400.0
2002-10-17,57.0,57.7,55.34,55.76,1540800.0
2002-10-16,55.5,56.38,55.46,55.75,2874600.0
2002-10-15,56.4,57.0,55.5,56.0,4297400.0
2002-10-14,57.69,58.31,52.98,53.97,5482900.0
2002-10-11,58.5,59.12,57.69,58.18,1850400.0
2002-10-10,56.2,57.55,55.25,56.8,1689100.0
2002-10-09,56.9,58.09,56.03,56.08,1168200.0
2002-10-08,57.5,58.62,56.18,58.01,1753500.0
2002-10-07,56.94,57.75,56.21,57.02,970500.0
2002-10-04,58.95,58.95,56.54,56.93,1031100.0
2002-10-03,59.75,61.02,58.01,58.1,1468400.0
2002-10-02,59.9,60.8,58.99,59.1,2014000.0
2002-10-01,57.5,60.5,57.21,60.45,1391600.0
2002-09-30,56.75,57.2,55.35,56.85,1559400.0
2002-09-27,57.91,58.5,57.05,57.15,1297900.0
2002-09-26,56.65,58.4,56.25,57.91,1193100.0
2002-09-25,55.4,56.28,54.53,56.15,1064800.0
2002-09-24,54.0,55.1,53.68,54.52,1575600.0
2002-09-23,55.15,55.5,54.12,54.61,1177600.0
2002-09-20,54.2,55.2,54.0,55.15,1480500.0
2002-09-19,53.0,54.9,53.0,53.93,1772500.0
2002-09-18,53.72,54.15,52.6,53.24,2307400.0
2002-09-17,56.5,56.6,54.35,54.49,971300.0
2002-09-16,56.4,56.4,55.15,55.6,1344900.0
2002-09-13,57.5,57.73,56.36,56.4,1402300.0
2002-09-12,60.05,60.05,58.41,58.59,630800.0
2002-09-11,61.0,61.0,59.9,60.16,725400.0
2002-09-10,59.15,59.95,59.1,59.7,920900.0
2002-09-09,58.7,59.5,58.23,59.1,708100.0
2002-09-06,59.3,59.76,58.4,59.29,683400.0
2002-09-05,58.11,59.07,57.8,58.73,624300.0
2002-09-04,57.85,58.67,57.18,58.6,1082800.0
2002-09-03,59.9,59.9,57.76,57.85,834000.0
2002-08-30,59.69,60.89,59.52,60.15,451800.0
2002-08-29,60.55,60.55,59.51,59.69,508500.0
2002-08-28,61.54,61.68,60.34,60.78,347900.0
2002-08-27,62.96,63.15,61.53,61.74,501500.0
2002-08-26,62.15,62.39,61.09,62.06,340500.0
2002-08-23,63.45,63.45,61.4,61.58,440300.0
2002-08-22,63.45,63.88,62.37,63.45,1059400.0
2002-08-21,63.1,63.43,62.4,63.02,1089800.0
2002-08-20,63.35,63.75,62.09,62.67,1383900.0
2002-08-19,61.45,64.1,61.35,63.5,1084000.0
2002-08-16,60.65,61.98,60.32,61.62,532100.0
2002-08-15,61.15,61.55,60.13,60.81,698300.0
2002-08-14,59.77,61.16,58.1,61.06,1105600.0
2002-08-13,60.69,61.0,59.77,59.77,710600.0
2002-08-12,60.7,60.75,59.0,60.7,469800.0
2002-08-09,60.27,61.0,58.57,60.75,633000.0
2002-08-08,58.88,60.4,58.35,60.27,643200.0
2002-08-07,58.4,59.0,56.7,58.88,817000.0
2002-08-06,56.2,57.91,56.2,57.37,1446000.0
2002-08-05,59.05,59.05,55.59,55.6,1719100.0
2002-08-02,60.15,60.28,58.44,58.96,651200.0
2002-08-01,62.06,62.47,59.91,60.12,905800.0
2002-07-31,62.5,62.5,61.23,62.05,779800.0
2002-07-30,62.56,63.75,61.82,62.5,1010300.0
2002-07-29,59.49,62.8,59.39,62.56,1193400.0
2002-07-26,59.25,59.65,58.02,58.95,853400.0
2002-07-25,59.4,59.95,57.41,59.25,1684300.0
2002-07-24,54.95,59.49,54.1,59.4,1900400.0
2002-07-23,56.38,57.4,55.35,55.4,861900.0
2002-07-22,58.21,58.5,56.05,56.13,1706900.0
2002-07-19,59.7,60.22,58.1,58.21,1626200.0
2002-07-18,61.25,61.99,60.1,60.22,1305000.0
2002-07-17,62.0,62.49,60.46,60.75,1954300.0
2002-07-16,61.75,61.76,60.3,60.92,1447800.0
2002-07-15,62.0,62.0,59.15,62.0,1433800.0
2002-07-12,61.77,63.24,60.7,62.49,1027000.0
2002-07-11,61.77,61.9,60.2,61.6,1095300.0
2002-07-10,63.4,63.48,61.81,61.82,1254500.0
2002-07-09,63.76,64.6,62.56,62.98,764600.0
2002-07-08,65.4,65.8,63.75,64.05,652600.0
2002-07-05,63.15,65.25,63.15,65.22,438600.0
2002-07-03,63.85,64.6,61.8,62.39,1800900.0
2002-07-02,63.97,64.8,62.7,63.95,890900.0
2002-07-01,66.35,66.36,64.11,64.22,826800.0
2002-06-28,65.55,66.7,65.34,66.35,824600.0
2002-06-27,64.25,65.5,63.9,65.2,1059300.0
2002-06-26,62.25,63.68,62.0,63.39,1287200.0
2002-06-25,65.25,65.75,63.69,63.83,1369800.0
2002-06-24,64.01,64.49,62.52,64.25,1203100.0
2002-06-21,63.05,64.5,63.05,64.5,1229500.0
2002-06-20,65.1,65.59,63.87,63.9,778300.0
2002-06-19,65.52,67.44,65.02,65.08,1300200.0
2002-06-18,64.9,66.8,64.75,66.48,1173400.0
2002-06-17,62.61,65.18,62.61,65.02,1384100.0
2002-06-14,62.85,62.85,61.28,62.42,2239700.0
2002-06-13,64.45,64.65,63.06,63.08,2134400.0
2002-06-12,65.4,66.14,63.51,64.45,2519500.0
2002-06-11,66.7,67.13,65.79,65.89,1463000.0
2002-06-10,67.25,68.24,66.17,66.46,3141600.0
2002-06-07,68.7,69.56,67.7,69.56,1012900.0
2002-06-06,69.18,69.4,68.04,68.7,564400.0
2002-06-05,68.12,69.51,67.97,69.18,509400.0
2002-06-04,68.44,68.98,67.9,68.37,907000.0
2002-06-03,69.63,69.85,68.39,68.44,512200.0
2002-05-31,68.4,69.95,68.4,69.62,1007800.0
2002-05-30,68.79,68.8,67.31,67.86,1039800.0
2002-05-29,69.71,69.9,68.53,68.88,729800.0
2002-05-28,71.3,71.31,69.39,69.57,584300.0
2002-05-24,70.9,71.4,70.03,71.4,498800.0
2002-05-23,70.0,71.55,69.35,70.9,861600.0
2002-05-22,69.3,69.8,68.79,69.51,698900.0
2002-05-21,71.11,71.39,69.13,69.25,568800.0
2002-05-20,72.55,72.55,70.8,70.86,581900.0
2002-05-17,72.2,72.48,72.06,72.28,608900.0
2002-05-16,72.25,72.8,71.72,71.97,591700.0
2002-05-15,71.05,72.3,70.71,71.73,594700.0
2002-05-14,70.69,71.34,70.47,71.21,868600.0
2002-05-13,69.03,69.74,69.01,69.38,987500.0
2002-05-10,70.75,71.07,69.6,69.89,707200.0
2002-05-09,72.4,72.4,70.52,70.57,865600.0
2002-05-08,71.0,72.72,71.0,72.4,767600.0
2002-05-07,70.11,70.6,69.4,69.73,991200.0
2002-05-06,72.4,72.4,69.97,70.11,885000.0
2002-05-03,71.9,72.55,71.4,72.21,913500.0
2002-05-02,71.6,72.35,71.4,71.9,575900.0
2002-05-01,71.45,71.96,70.48,71.6,1038700.0
2002-04-30,70.85,72.07,70.85,71.58,881100.0
2002-04-29,72.47,72.47,70.6,70.77,784400.0
2002-04-26,72.6,73.37,72.21,72.57,662100.0
2002-04-25,72.0,73.37,71.24,72.71,875600.0
2002-04-24,72.7,73.3,72.11,72.12,489700.0
2002-04-23,73.3,73.38,72.64,72.64,696600.0
2002-04-22,74.48,74.76,73.4,73.42,1162100.0
2002-04-19,73.85,74.85,73.63,74.62,846400.0
2002-04-18,74.0,74.0,72.71,73.14,1234900.0
2002-04-17,75.4,75.45,73.99,74.05,809100.0
2002-04-16,73.85,75.46,73.85,75.33,1176200.0
2002-04-15,72.9,73.93,72.9,73.4,1038300.0
2002-04-12,72.25,72.75,71.8,72.74,763300.0
2002-04-11,73.25,73.75,71.88,72.01,963800.0
2002-04-10,71.99,73.68,71.86,73.25,1118700.0
2002-04-09,71.05,71.71,70.86,71.48,1202000.0
2002-04-08,70.64,71.0,70.1,70.77,579100.0
2002-04-05,71.01,71.48,70.8,70.98,784600.0
2002-04-04,69.14,70.45,69.14,70.42,736000.0
2002-04-03,70.48,70.48,68.58,69.15,1246400.0
2002-04-02,71.15,71.15,70.25,70.47,674200.0
2002-04-01,71.65,71.65,70.18,71.47,506900.0
2002-03-28,71.15,71.7,70.81,71.02,890700.0
2002-03-27,70.98,70.98,70.23,70.9,1024800.0
2002-03-26,70.14,71.18,69.93,71.18,1040200.0
2002-03-25,71.48,72.0,70.26,70.29,758900.0
2002-03-22,71.45,71.76,70.73,71.48,835600.0
2002-03-21,72.59,72.59,70.65,71.5,1669800.0
2002-03-20,74.14,74.14,72.42,72.84,821300.0
2002-03-19,73.15,74.25,73.15,74.14,1133400.0
2002-03-18,72.35,73.16,72.35,73.09,814900.0
2002-03-15,71.4,72.44,71.34,72.16,1471700.0
2002-03-14,72.19,72.19,71.78,71.9,1106600.0
2002-03-13,72.6,72.65,71.9,72.31,1130500.0
2002-03-12,72.96,72.96,71.49,72.75,1413000.0
2002-03-11,71.6,72.75,71.4,72.56,1621600.0
2002-03-08,71.1,71.88,71.0,71.71,2011400.0
2002-03-07,70.4,70.95,70.0,70.85,4192900.0
2002-03-06,68.0,70.95,68.0,70.42,2668300.0
2002-03-05,71.6,71.63,69.98,69.98,2498800.0
2002-03-04,68.92,72.45,68.79,71.8,1758100.0
2002-03-01,67.25,68.06,66.59,68.03,1227600.0
2002-02-28,67.55,68.5,67.1,67.23,1178100.0
2002-02-27,68.08,68.35,66.8,67.15,1678400.0
2002-02-26,68.75,68.79,67.37,67.85,1453900.0
2002-02-25,69.55,69.94,68.8,69.43,1663700.0
2002-02-22,66.7,69.8,66.41,69.5,1996000.0
2002-02-21,65.91,68.59,65.91,67.45,1695000.0
2002-02-20,65.75,65.75,64.5,65.6,1079000.0
2002-02-19,65.2,65.4,65.0,65.28,1270400.0
2002-02-15,67.37,67.37,64.51,66.1,1121200.0
2002-02-14,66.0,66.0,65.16,65.33,1503100.0
2002-02-13,65.2,65.92,65.01,65.67,1648500.0
2002-02-12,63.88,64.71,63.02,63.69,1510700.0
2002-02-11,61.55,64.1,61.55,64.09,1130100.0
2002-02-08,60.13,61.07,60.11,61.02,985000.0
2002-02-07,60.06,60.22,59.3,60.13,994000.0
2002-02-06,60.4,60.84,59.73,60.05,934500.0
2002-02-05,60.9,61.37,60.15,60.4,1109400.0
2002-02-04,61.5,62.15,60.86,60.9,1444300.0
2002-02-01,63.75,63.75,62.29,62.36,689000.0
2002-01-31,63.12,63.99,62.79,63.74,1041700.0
2002-01-30,61.56,62.5,59.81,62.41,1361200.0
2002-01-29,63.22,64.1,61.46,61.56,1511100.0
2002-01-28,63.02,63.02,62.0,62.98,761600.0
2002-01-25,61.45,62.18,60.6,62.0,1040300.0
2002-01-24,59.97,62.19,59.92,61.4,1596900.0
2002-01-23,59.75,59.75,58.84,59.6,1050000.0
2002-01-22,60.3,60.79,59.7,59.75,1222800.0
2002-01-18,59.3,60.48,58.71,60.41,753300.0
2002-01-17,59.2,60.3,59.02,59.57,1133900.0
2002-01-16,60.0,60.4,58.51,58.65,1919600.0
2002-01-15,63.06,63.06,59.68,59.91,2811800.0
2002-01-14,63.87,63.88,62.8,63.06,838900.0
2002-01-11,62.62,64.25,62.3,63.69,970900.0
2002-01-10,62.1,62.49,61.74,62.17,674300.0
2002-01-09,62.17,62.48,61.94,62.19,662900.0
2002-01-08,62.5,62.5,61.8,62.0,710900.0
2002-01-07,63.18,63.18,62.3,62.3,550200.0
2002-01-04,63.32,63.32,61.41,63.28,1279900.0
2002-01-03,61.64,61.64,60.24,60.84,823000.0
2002-01-02,60.0,60.56,59.62,60.3,778100.0
2001-12-31,60.15,61.56,60.08,60.31,426600.0
2001-12-28,60.72,61.15,60.11,60.15,329500.0
2001-12-27,60.53,61.46,60.19,60.69,412300.0
2001-12-26,59.9,61.35,59.75,59.95,466500.0
2001-12-24,59.62,59.9,59.2,59.58,161200.0
2001-12-21,59.35,60.15,58.99,59.61,880700.0
2001-12-20,59.55,60.78,58.73,59.36,952500.0
2001-12-19,59.26,60.3,58.64,59.77,1313700.0
2001-12-18,57.13,59.7,57.13,59.51,1056400.0
2001-12-17,56.6,57.89,56.2,57.43,2097700.0
2001-12-14,58.0,58.01,56.1,56.2,3905700.0
2001-12-13,60.0,60.1,59.28,59.33,921300.0
2001-12-12,61.5,61.51,60.15,60.41,1756200.0
2001-12-11,62.56,62.65,62.03,62.21,1797900.0
2001-12-10,62.79,63.7,62.44,62.55,901800.0
2001-12-07,63.9,63.9,61.85,62.78,1697900.0
2001-12-06,64.1,64.1,62.3,62.73,1587000.0
2001-12-05,59.45,62.75,58.77,62.53,2126200.0
2001-12-04,57.5,60.0,57.26,59.59,1171300.0
2001-12-03,57.8,57.8,56.51,57.26,1471600.0
2001-11-30,59.98,59.98,58.29,58.65,1588100.0
2001-11-29,61.19,61.47,59.55,60.2,1154800.0
2001-11-28,61.8,61.8,60.25,61.19,932100.0
2001-11-27,60.2,61.13,59.95,60.55,391800.0
2001-11-26,60.2,60.7,59.6,60.62,671400.0
2001-11-23,60.37,60.37,59.3,60.16,233900.0
2001-11-21,60.33,60.33,58.48,59.2,953400.0
2001-11-20,60.04,60.73,59.86,60.46,1034700.0
2001-11-19,59.51,60.81,59.51,60.14,784000.0
2001-11-16,59.3,60.59,59.01,59.15,992800.0
2001-11-15,58.05,59.42,57.91,59.09,1089900.0
2001-11-14,57.75,58.2,57.16,57.99,817000.0
2001-11-13,56.75,57.34,56.75,57.21,1433500.0
2001-11-12,57.7,57.7,55.9,56.29,833500.0
2001-11-09,58.0,58.05,57.0,57.66,513100.0
2001-11-08,57.99,58.48,57.55,57.99,1617900.0
2001-11-07,58.45,58.45,57.8,57.97,640800.0
2001-11-06,57.81,58.64,56.8,58.5,692900.0
2001-11-05,57.98,58.6,56.83,57.81,1249200.0
2001-11-02,56.1,58.1,55.89,57.9,1040700.0
2001-11-01,55.88,56.37,55.32,56.17,953800.0
2001-10-31,55.6,56.5,55.5,55.74,1354400.0
2001-10-30,57.1,57.1,55.21,55.55,1134700.0
2001-10-29,59.26,59.26,56.89,57.08,873500.0
2001-10-26,57.67,59.8,57.56,59.45,1732600.0
2001-10-25,57.0,57.82,56.51,57.74,1664700.0
2001-10-24,58.9,58.9,57.4,57.54,1745500.0
2001-10-23,57.4,59.2,57.0,58.26,2938100.0
2001-10-22,56.99,58.5,56.5,56.66,1544400.0
2001-10-19,56.22,57.15,56.01,56.99,2391000.0
2001-10-18,55.48,56.66,54.7,56.22,3494800.0
2001-10-17,54.2,55.54,54.15,55.47,2094900.0
2001-10-16,54.13,55.51,53.8,54.4,4186600.0
2001-10-15,52.57,54.14,52.25,54.14,1840300.0
2001-10-12,52.65,53.2,52.02,52.82,1682400.0
2001-10-11,50.47,52.73,50.05,52.73,1750300.0
2001-10-10,48.46,50.0,48.35,49.95,753700.0
2001-10-09,48.9,48.9,47.98,48.86,539400.0
2001-10-08,49.14,49.14,47.6,48.64,1009600.0
2001-10-05,48.98,48.98,47.6,48.67,726400.0
2001-10-04,49.5,49.5,47.71,48.97,1086700.0
2001-10-03,48.59,48.59,46.8,48.48,1322400.0
2001-10-02,46.0,47.8,46.0,47.65,880100.0
2001-10-01,47.0,47.0,45.57,46.5,1117800.0
2001-09-28,46.5,47.18,45.7,47.18,1836700.0
2001-09-27,45.76,46.4,45.0,45.75,1165900.0
2001-09-26,48.0,48.49,45.15,45.75,2454100.0
2001-09-25,48.45,48.63,47.05,48.62,1758500.0
2001-09-24,46.5,48.85,46.5,48.45,2004900.0
2001-09-21,45.99,45.99,43.9,45.85,2444200.0
2001-09-20,47.95,47.95,45.28,45.53,3001000.0
2001-09-19,48.56,48.56,45.16,47.95,2641900.0
2001-09-18,48.7,49.12,48.26,48.57,2104700.0
2001-09-17,51.0,51.64,47.97,49.19,2961500.0
2001-09-10,53.75,54.01,52.8,53.53,774500.0
2001-09-07,54.0,54.7,53.4,53.75,1210100.0
2001-09-06,56.09,56.09,54.7,54.81,714800.0
2001-09-05,56.0,56.09,55.01,56.05,807400.0
2001-09-04,55.1,56.9,55.01,56.01,742700.0
2001-08-31,55.85,56.14,55.2,55.57,851300.0
2001-08-30,57.08,57.21,55.8,55.98,701500.0
2001-08-29,58.25,58.29,57.0,57.02,643600.0
2001-08-28,58.62,58.62,57.86,58.0,585600.0
2001-08-27,58.4,58.7,57.87,58.62,562900.0
2001-08-24,57.78,58.48,57.74,57.99,599000.0
2001-08-23,57.57,57.9,57.46,57.83,1349800.0
2001-08-22,57.6,58.08,57.25,57.57,1035800.0
2001-08-21,57.32,57.65,57.23,57.5,821900.0
2001-08-20,57.53,57.55,57.02,57.48,882600.0
2001-08-17,57.55,57.8,57.37,57.59,1402700.0
2001-08-16,57.69,57.9,57.35,57.8,1105300.0
2001-08-15,57.7,57.83,57.17,57.68,1035200.0
2001-08-14,57.25,57.8,57.2,57.75,996100.0
2001-08-13,57.58,57.6,57.18,57.5,1021600.0
2001-08-10,57.33,57.66,56.58,57.58,1987000.0
2001-08-09,57.66,57.75,56.84,57.08,3675300.0
2001-08-08,58.55,58.61,57.45,57.75,6375500.0
2001-08-07,58.0,58.78,57.79,58.55,2410400.0
2001-08-06,57.79,57.9,57.1,57.61,2348100.0
2001-08-03,57.2,57.77,56.8,57.75,1676200.0
2001-08-02,56.4,57.5,56.4,57.29,4113300.0
2001-08-01,53.9,56.55,53.55,56.3,5974600.0
2001-07-31,55.95,56.89,55.88,56.59,565600.0
2001-07-30,56.5,56.64,55.85,56.15,339500.0
2001-07-27,56.2,56.69,55.9,56.25,723900.0
2001-07-26,55.6,56.4,55.24,56.0,430800.0
2001-07-25,55.49,55.93,55.02,55.58,427200.0
2001-07-24,55.2,56.21,55.04,55.24,498300.0
2001-07-23,56.8,57.05,55.25,55.45,369700.0
2001-07-20,57.32,57.61,56.56,56.86,302300.0
2001-07-19,56.5,57.3,56.0,57.07,342900.0
2001-07-18,56.45,56.75,55.85,56.25,371400.0
2001-07-17,57.17,57.6,56.2,56.35,641200.0
2001-07-16,58.0,58.03,56.7,57.18,568500.0
2001-07-13,57.5,58.41,56.52,57.48,335200.0
2001-07-12,55.5,57.83,55.49,57.6,1065600.0
2001-07-11,56.85,57.35,54.7,54.93,812900.0
2001-07-10,56.75,57.32,56.55,57.06,515200.0
2001-07-09,56.59,57.26,56.08,56.79,563800.0
2001-07-06,57.8,57.9,56.4,56.59,591000.0
2001-07-05,58.08,59.2,57.8,58.18,976900.0
2001-07-03,57.2,58.41,57.2,58.08,1054400.0
2001-07-02,56.15,57.45,55.8,57.0,1312900.0
2001-06-29,56.7,56.7,55.5,56.0,1461500.0
2001-06-28,58.5,58.5,56.67,56.7,1202700.0
2001-06-27,61.25,61.26,57.82,57.82,3318300.0
2001-06-26,62.04,65.47,61.94,65.19,1233100.0
2001-06-25,63.25,63.25,62.03,62.03,523600.0
2001-06-22,63.37,63.5,61.3,62.79,870000.0
2001-06-21,61.11,63.4,60.85,63.12,525800.0
2001-06-20,61.45,62.2,61.0,61.21,532400.0
2001-06-19,62.05,62.41,61.05,61.45,268500.0
2001-06-18,62.22,62.37,61.55,61.85,456900.0
2001-06-15,61.3,62.35,61.21,62.22,690200.0
2001-06-14,63.9,63.9,61.35,61.36,812800.0
2001-06-13,64.0,64.85,64.0,64.07,262000.0
2001-06-12,63.96,64.4,63.01,64.11,198300.0
2001-06-11,65.1,65.26,63.8,63.9,407500.0
2001-06-08,64.98,65.15,64.6,64.93,443100.0
2001-06-07,64.09,65.49,64.09,64.98,346300.0
2001-06-06,64.94,65.24,63.96,64.09,393400.0
2001-06-05,63.4,64.86,63.34,64.65,394400.0
2001-06-04,63.0,63.1,62.65,62.98,438900.0
2001-06-01,62.6,63.43,62.05,63.0,548200.0
2001-05-31,63.07,63.2,62.45,62.98,696300.0
2001-05-30,63.8,64.33,63.1,63.32,439500.0
2001-05-29,64.7,64.97,64.0,64.0,382000.0
2001-05-25,64.5,64.83,64.21,64.82,545100.0
2001-05-24,63.8,64.49,63.75,64.25,361000.0
2001-05-23,64.3,64.59,63.6,63.86,418100.0
2001-05-22,64.55,65.2,64.4,64.48,718300.0
2001-05-21,62.8,64.9,62.57,64.57,777800.0
2001-05-18,62.0,62.3,61.66,62.14,297100.0
2001-05-17,60.8,62.4,60.7,62.15,651600.0
2001-05-16,58.4,60.99,58.4,60.8,623100.0
2001-05-15,57.9,59.09,57.82,58.72,492100.0
2001-05-14,58.8,58.83,57.6,57.94,369800.0
2001-05-11,60.0,60.04,58.72,58.75,707600.0
2001-05-10,58.25,59.9,57.9,59.31,811400.0
2001-05-09,57.65,58.2,57.39,57.5,673100.0
2001-05-08,57.25,58.51,57.01,57.83,1365600.0
2001-05-07,55.41,56.6,55.41,55.88,705000.0
2001-05-04,54.0,56.37,53.5,55.4,4311900.0
2001-05-03,54.99,54.99,53.35,54.0,1145400.0
2001-05-02,54.95,55.1,54.52,54.99,734100.0
2001-05-01,56.47,56.47,55.41,55.44,492500.0
2001-04-30,53.8,56.34,53.8,56.01,1103200.0
2001-04-27,56.5,56.5,54.55,55.48,464100.0
2001-04-26,55.7,56.2,55.31,55.8,529100.0
2001-04-25,55.65,55.79,54.95,55.6,382700.0
2001-04-24,55.75,56.4,55.59,55.7,217000.0
2001-04-23,56.6,56.8,55.91,56.25,329700.0
2001-04-20,56.85,57.14,56.08,56.39,245200.0
2001-04-19,58.9,58.91,56.4,57.0,1039100.0
2001-04-18,53.51,59.05,53.35,58.95,1275500.0
2001-04-17,54.0,54.96,53.51,53.51,344300.0
2001-04-16,53.9,54.4,53.1,53.82,304700.0
2001-04-12,52.05,54.5,51.51,54.01,1275500.0
2001-04-11,55.35,55.35,51.7,51.97,1356100.0
2001-04-10,54.83,55.7,54.5,55.19,645000.0
2001-04-09,54.4,55.25,54.15,54.58,289500.0
2001-04-06,55.0,55.01,53.81,54.23,609200.0
2001-04-05,54.15,55.2,54.12,55.01,602300.0
2001-04-04,52.25,54.1,52.25,53.9,757900.0
2001-04-03,53.99,53.99,52.14,52.15,714300.0
2001-04-02,54.8,55.99,53.94,54.0,730500.0
2001-03-30,54.99,55.0,53.82,54.56,416300.0
2001-03-29,55.67,56.0,54.8,54.94,431200.0
2001-03-28,57.01,57.2,55.6,55.88,651800.0
2001-03-27,57.0,57.35,56.7,57.25,539600.0
2001-03-26,55.45,57.5,54.3,57.3,516300.0
2001-03-23,54.7,55.49,54.31,55.31,461700.0
2001-03-22,55.0,55.15,52.21,54.77,1196700.0
2001-03-21,56.7,57.0,54.9,55.2,1211800.0
2001-03-20,57.85,58.37,56.7,56.7,751100.0
2001-03-19,57.05,57.75,57.02,57.75,733300.0
2001-03-16,57.85,57.85,56.5,57.05,955600.0
2001-03-15,57.35,58.0,57.35,57.85,574100.0
2001-03-14,58.2,58.25,56.5,57.35,708400.0
2001-03-13,60.15,60.25,58.65,58.88,793600.0
2001-03-12,61.75,61.75,60.0,60.11,747200.0
2001-03-09,64.27,64.27,61.5,61.8,579400.0
2001-03-08,64.35,64.9,63.56,64.27,440200.0
2001-03-07,63.75,64.25,63.62,64.1,576000.0
2001-03-06,64.5,65.05,63.5,63.5,363900.0
2001-03-05,63.49,64.35,63.49,64.05,461000.0
2001-03-02,63.65,63.98,63.25,63.49,472800.0
2001-03-01,63.44,64.39,63.44,63.7,1191100.0
2001-02-28,64.12,64.14,62.65,63.44,636100.0
2001-02-27,64.67,65.2,63.83,64.11,497800.0
2001-02-26,63.2,64.7,62.78,64.66,438000.0
2001-02-23,63.54,63.75,62.13,62.69,702300.0
2001-02-22,64.2,64.99,63.3,63.54,812400.0
2001-02-21,64.35,64.9,63.8,64.2,649400.0
2001-02-20,64.08,64.69,63.8,64.4,360200.0
2001-02-16,65.99,66.48,63.3,64.09,290700.0
2001-02-15,64.82,66.45,64.8,66.0,691400.0
2001-02-14,64.3,65.0,64.15,64.92,528800.0
2001-02-13,64.5,64.6,63.9,64.3,408300.0
2001-02-12,63.62,64.5,63.55,64.4,449100.0
2001-02-09,64.75,64.75,63.38,63.71,540000.0
2001-02-08,64.15,64.98,64.15,64.79,276300.0
2001-02-07,64.5,64.95,63.7,64.09,228200.0
2001-02-06,65.0,65.45,64.65,65.15,431200.0
2001-02-05,65.5,65.5,64.17,64.64,433100.0
2001-02-02,64.58,64.85,64.2,64.74,825100.0
2001-02-01,64.48,64.74,64.35,64.52,460500.0
2001-01-31,63.36,64.96,63.36,64.48,743200.0
2001-01-30,62.95,63.62,62.25,63.61,275900.0
2001-01-29,62.81,63.47,62.58,62.95,324000.0
2001-01-26,63.06,63.31,62.06,63.06,385200.0
2001-01-25,62.5,63.25,62.38,63.06,934100.0
2001-01-24,63.0,63.69,62.0,62.75,674300.0
2001-01-23,61.81,62.81,61.25,62.75,1450100.0
2001-01-22,61.56,62.13,60.88,61.56,709200.0
2001-01-19,62.56,62.56,61.19,61.56,832000.0
2001-01-18,62.25,62.94,61.94,62.31,602700.0
2001-01-17,61.75,62.5,60.69,62.0,1215300.0
2001-01-16,63.5,63.56,61.94,63.56,692200.0
2001-01-12,63.75,63.94,62.63,63.75,451600.0
2001-01-11,62.5,63.75,61.69,63.5,660400.0
2001-01-10,60.13,61.94,59.44,61.88,1406400.0
2001-01-09,60.0,61.44,59.5,60.56,1524400.0
2001-01-08,61.0,62.44,57.56,58.5,2826900.0
2001-01-05,66.31,66.31,64.31,64.63,346600.0
2001-01-04,67.94,68.69,65.75,66.44,524800.0
2001-01-03,66.56,68.19,63.94,67.69,685100.0
2001-01-02,68.38,68.69,66.31,66.5,824300.0
2000-12-29,68.75,69.69,68.31,68.38,287700.0
2000-12-28,68.88,69.0,67.5,68.69,601000.0
2000-12-27,66.25,68.19,66.06,68.0,405900.0
2000-12-26,63.44,66.12,63.06,65.69,340900.0
2000-12-22,62.44,63.25,62.19,63.25,547100.0
2000-12-21,62.75,62.75,62.0,62.31,626800.0
2000-12-20,64.13,64.13,61.69,62.44,1044600.0
2000-12-19,64.94,65.0,64.0,64.13,620200.0
2000-12-18,64.88,66.19,64.06,64.94,475700.0
2000-12-15,62.63,65.56,62.63,65.13,878600.0
2000-12-14,64.81,65.56,62.44,62.81,810300.0
2000-12-13,67.5,67.81,65.0,65.06,508400.0
2000-12-12,68.56,69.13,67.63,67.94,266200.0
2000-12-11,67.75,69.81,67.38,68.56,235900.0
2000-12-08,67.94,68.88,67.5,67.94,309100.0
2000-12-07,66.81,67.88,66.31,67.75,242900.0
2000-12-06,68.06,68.25,66.06,66.63,333900.0
2000-12-05,67.31,68.5,66.75,68.31,549800.0
2000-12-04,65.25,65.88,64.38,65.81,367500.0
2000-12-01,65.44,67.31,64.63,65.25,598500.0
2000-11-30,65.06,65.31,63.75,65.19,308100.0
2000-11-29,63.31,65.25,62.94,65.0,258200.0
2000-11-28,64.63,64.88,63.06,63.56,360400.0
2000-11-27,64.94,65.81,63.5,64.56,749100.0
2000-11-24,62.94,65.0,62.94,64.69,131600.0
2000-11-22,64.0,64.5,62.5,62.69,176900.0
2000-11-21,63.19,64.38,63.19,64.06,278100.0
2000-11-20,63.88,64.69,63.06,63.56,390300.0
2000-11-17,64.0,64.94,63.44,63.88,370900.0
2000-11-16,64.25,64.81,62.94,63.5,217100.0
2000-11-15,62.5,64.31,62.0,63.69,497300.0
2000-11-14,61.63,64.88,61.56,62.25,800100.0
2000-11-13,61.13,61.13,59.94,61.13,374000.0
2000-11-10,61.94,61.94,60.63,61.06,260800.0
2000-11-09,62.69,62.81,61.25,61.94,323500.0
2000-11-08,62.0,63.31,62.0,62.44,283800.0
2000-11-07,62.5,62.5,61.88,61.94,402400.0
2000-11-06,61.69,62.5,61.06,62.5,394100.0
2000-11-03,62.13,62.69,60.94,61.5,353200.0
2000-11-02,62.19,63.06,61.63,62.38,482100.0
2000-11-01,63.0,64.19,61.88,62.19,1115900.0
2000-10-31,59.44,63.13,58.94,63.13,796800.0
2000-10-30,58.06,59.88,58.06,59.63,441000.0
2000-10-27,56.0,58.31,56.0,57.69,358500.0
2000-10-26,54.69,56.69,54.69,55.69,572100.0
2000-10-25,55.94,55.94,53.81,54.44,359100.0
2000-10-24,56.63,56.81,55.25,55.75,470300.0
2000-10-23,56.75,57.25,56.38,56.44,419700.0
2000-10-20,54.69,56.81,54.19,56.75,403700.0
2000-10-19,54.38,56.5,54.38,55.19,782700.0
2000-10-18,52.5,53.44,51.5,53.06,350300.0
2000-10-17,53.94,54.81,52.19,52.5,478600.0
2000-10-16,52.75,53.88,52.69,53.56,244400.0
2000-10-13,51.44,52.81,51.0,52.75,316100.0
2000-10-12,53.13,53.56,50.63,51.44,429900.0
2000-10-11,52.06,53.75,52.06,53.13,1098100.0
2000-10-10,51.63,53.75,51.56,52.06,454600.0
2000-10-09,51.13,51.75,50.5,51.63,262500.0
2000-10-06,52.13,53.63,51.13,51.38,281600.0
2000-10-05,51.75,52.25,50.94,51.88,699600.0
2000-10-04,49.88,51.81,49.69,51.5,401500.0
2000-10-03,49.5,50.44,49.13,49.88,348600.0
2000-10-02,49.5,50.63,49.0,49.5,285200.0
2000-09-29,50.19,50.19,49.06,49.75,394800.0
2000-09-28,48.06,50.44,47.5,50.13,507300.0
2000-09-27,47.81,48.31,46.81,48.06,427100.0
2000-09-26,48.81,50.06,47.88,48.0,495700.0
2000-09-25,48.69,49.38,48.69,48.81,277600.0
2000-09-22,48.25,48.31,47.25,48.06,296600.0
2000-09-21,48.44,48.56,47.56,48.25,286400.0
2000-09-20,48.75,49.19,47.75,48.5,473300.0
2000-09-19,50.31,50.31,46.63,48.0,821500.0
2000-09-18,52.44,52.44,50.25,50.25,792200.0
2000-09-15,53.25,53.25,51.19,52.44,626100.0
2000-09-14,52.75,53.13,51.69,52.19,152900.0
2000-09-13,52.88,53.75,52.75,52.88,204800.0
2000-09-12,52.69,53.19,51.88,52.88,440200.0
2000-09-11,53.13,53.63,52.25,52.5,272600.0
2000-09-08,54.5,54.5,51.5,52.88,527000.0
2000-09-07,54.75,54.75,53.75,54.25,573400.0
2000-09-06,54.0,54.44,53.13,53.75,677800.0
2000-09-05,56.06,56.38,55.63,55.94,228900.0
2000-09-01,56.44,56.63,55.75,56.31,151800.0
2000-08-31,55.25,56.31,55.06,56.19,339000.0
2000-08-30,56.44,56.5,55.25,55.5,181300.0
2000-08-29,55.5,56.75,55.5,56.44,381700.0
2000-08-28,55.63,56.5,55.31,55.5,179200.0
2000-08-25,55.63,55.63,54.81,55.38,255400.0
2000-08-24,55.0,55.63,54.69,55.63,321500.0
2000-08-23,54.69,55.06,53.81,55.0,280300.0
2000-08-22,54.75,55.13,54.31,54.69,127100.0
2000-08-21,54.75,55.31,54.44,54.75,180700.0
2000-08-18,53.06,55.13,53.0,54.94,523200.0
2000-08-17,52.75,53.31,52.63,53.19,490100.0
2000-08-16,53.5,53.56,52.81,53.0,464500.0
2000-08-15,55.19,55.25,53.44,53.44,451700.0
2000-08-14,55.13,55.38,53.38,55.31,289000.0
2000-08-11,55.06,55.5,54.88,55.44,253900.0
2000-08-10,54.94,55.19,54.5,55.06,327100.0
2000-08-09,54.81,55.5,54.06,54.81,449400.0
2000-08-08,53.25,53.94,52.69,53.69,280100.0
2000-08-07,54.13,54.44,52.75,53.25,279900.0
2000-08-04,51.31,54.25,51.31,53.94,771700.0
2000-08-03,50.25,50.81,48.69,50.81,299500.0
2000-08-02,49.88,50.56,49.5,50.0,236300.0
2000-08-01,50.94,50.94,49.5,49.56,290000.0
2000-07-31,48.81,50.94,48.81,50.94,352800.0
2000-07-28,48.94,49.19,48.31,48.81,242900.0
2000-07-27,50.06,50.38,48.06,48.56,236100.0
2000-07-26,49.88,50.13,49.06,49.88,365000.0
2000-07-25,48.75,50.75,48.75,50.13,526900.0
2000-07-24,48.13,49.06,47.81,48.81,333300.0
2000-07-21,47.69,48.38,46.88,47.31,571300.0
2000-07-20,47.0,47.75,46.75,47.75,292700.0
2000-07-19,47.0,47.0,45.5,46.44,303500.0
2000-07-18,45.69,46.63,45.69,46.63,570900.0
2000-07-17,45.88,46.19,45.19,45.56,582700.0
2000-07-14,46.44,46.81,45.63,45.75,235900.0
2000-07-13,46.38,47.0,46.25,46.44,245500.0
2000-07-12,46.44,47.5,46.38,47.0,526400.0
2000-07-11,47.44,47.56,46.31,46.38,422900.0
2000-07-10,47.38,47.88,47.0,47.31,364800.0
2000-07-07,47.0,47.81,46.88,47.56,352900.0
2000-07-06,47.38,47.94,46.38,46.94,656500.0
2000-07-05,49.63,49.63,47.63,47.94,312400.0
2000-07-03,49.38,49.63,48.94,49.63,122900.0
2000-06-30,48.5,49.5,48.5,49.44,525000.0
2000-06-29,48.69,48.88,48.06,48.38,425600.0
2000-06-28,48.38,49.13,47.94,48.85,646200.0
2000-06-27,48.0,49.38,47.88,49.06,456700.0
2000-06-26,47.56,48.94,47.56,48.0,287700.0
2000-06-23,48.44,48.44,47.38,47.69,219000.0
2000-06-22,47.63,48.44,46.94,48.19,365900.0
2000-06-21,47.5,47.63,46.81,47.5,365300.0
2000-06-20,47.5,47.88,46.81,47.56,397500.0
2000-06-19,49.0,49.0,47.56,47.75,299800.0
2000-06-16,49.25,49.63,48.88,49.06,414700.0
2000-06-15,48.0,49.0,48.0,48.44,284900.0
2000-06-14,49.13,49.5,47.94,48.25,322000.0
2000-06-13,50.0,50.0,48.69,49.38,174100.0
2000-06-12,49.81,50.38,49.13,49.31,230800.0
2000-06-09,49.31,50.0,49.0,49.94,173600.0
2000-06-08,49.06,49.88,48.75,49.06,223000.0
2000-06-07,50.19,50.31,48.94,49.0,274900.0
2000-06-06,50.81,50.81,49.94,50.06,347800.0
2000-06-05,50.0,50.13,49.56,50.06,312000.0
2000-06-02,48.19,50.44,48.19,50.31,337300.0
2000-06-01,47.69,48.0,47.19,47.94,583600.0
2000-05-31,48.5,48.69,48.38,48.56,199100.0
2000-05-30,48.31,48.94,48.31,48.5,327900.0
2000-05-26,49.75,49.88,48.0,48.19,208800.0
2000-05-25,49.88,50.63,49.75,50.0,655500.0
2000-05-24,49.81,50.69,49.38,49.88,422200.0
2000-05-23,51.0,51.25,49.13,49.44,424500.0
2000-05-22,51.63,51.75,50.69,51.5,453700.0
2000-05-19,53.0,53.13,51.63,51.63,310800.0
2000-05-18,54.75,54.81,53.81,53.88,142000.0
2000-05-17,55.25,55.25,54.06,55.0,206800.0
2000-05-16,55.5,56.44,55.06,55.5,499500.0
2000-05-15,55.0,55.19,54.25,55.0,400700.0
2000-05-12,55.44,55.94,54.75,55.31,286600.0
2000-05-11,55.5,56.25,55.38,55.5,403800.0
2000-05-10,56.44,56.44,55.5,55.5,334400.0
2000-05-09,56.69,56.94,55.94,56.19,396300.0
2000-05-08,58.06,58.88,56.81,56.94,473700.0
2000-05-05,54.5,57.63,54.5,57.56,433400.0
2000-05-04,56.06,56.19,55.25,55.5,289200.0
2000-05-03,57.5,57.5,56.13,56.31,398100.0
2000-05-02,58.88,58.88,57.56,57.75,255700.0
2000-05-01,56.63,58.94,56.19,58.88,391800.0
2000-04-28,57.0,57.38,56.06,57.13,245800.0
2000-04-27,55.38,57.25,55.38,57.0,301400.0
2000-04-26,54.94,57.94,54.94,55.94,482900.0
2000-04-25,53.19,55.13,53.13,54.94,393100.0
2000-04-24,52.94,53.56,52.38,53.44,275900.0
2000-04-20,51.44,53.13,50.63,52.94,311400.0
2000-04-19,49.56,52.19,49.5,51.31,444500.0
2000-04-18,49.69,49.81,48.75,49.31,278100.0
2000-04-17,48.06,50.75,47.69,49.81,431000.0
2000-04-14,51.44,51.44,47.88,48.06,209700.0
2000-04-13,50.44,52.38,49.5,51.69,277400.0
2000-04-12,51.88,52.5,50.44,50.69,287600.0
2000-04-11,51.56,52.5,51.06,51.88,194300.0
2000-04-10,51.63,51.63,50.56,51.31,217500.0
2000-04-07,52.94,52.94,50.63,51.75,263600.0
2000-04-06,53.44,54.56,52.63,53.19,307300.0
2000-04-05,52.25,53.63,51.13,53.44,349300.0
2000-04-04,51.88,53.63,50.81,52.5,787700.0
2000-04-03,51.0,52.0,50.25,51.63,592200.0
2000-03-31,50.31,51.25,49.5,51.0,591000.0
2000-03-30,47.0,50.44,46.88,50.06,806900.0
2000-03-29,44.25,47.25,44.06,47.25,513100.0
2000-03-28,43.31,45.31,43.31,44.31,465600.0
2000-03-27,41.06,43.88,41.06,43.31,585800.0
