date,1. open,2. high,3. low,4. close,5. volume
2020-03-27,44.52,45.53,43.83,44.0,5897960.0
2020-03-26,41.74,45.85,41.0,45.67,11097956.0
2020-03-25,44.45,45.451,41.31,41.44,11040485.0
2020-03-24,45.02,45.94,43.69,45.25,9638438.0
2020-03-23,46.9517,47.71,43.19,43.61,8977089.0
2020-03-20,48.4,48.61,44.6,46.42,11029956.0
2020-03-19,52.71,54.23,46.58,48.55,10334629.0
2020-03-18,47.34,53.0,46.85,52.81,16586986.0
2020-03-17,46.19,49.6,43.51,49.6,9242841.0
2020-03-16,41.84,48.025,41.5,45.08,10490616.0
2020-03-13,42.72,46.31,41.346,46.19,11181111.0
2020-03-12,43.81,43.93,40.5155,41.02,11245731.0
2020-03-11,48.23,48.66,45.47,46.07,8599100.0
2020-03-10,49.49,50.49,46.85,49.16,11190503.0
2020-03-09,48.03,50.78,48.0,48.44,12341074.0
2020-03-06,47.25,50.84,47.18,50.51,11823804.0
2020-03-05,47.25,48.97,47.13,48.78,7237064.0
2020-03-04,47.15,48.74,46.82,48.69,7194237.0
2020-03-03,47.5,49.23,45.74,46.12,10385333.0
2020-03-02,45.9066,48.18,45.47,48.11,11247824.0
2020-02-28,45.16,45.89,44.61,45.76,11857209.0
2020-02-27,46.95,47.82,45.55,46.24,10123236.0
2020-02-26,48.2,49.0,47.63,47.67,7212430.0
2020-02-25,49.35,49.39,47.24,47.51,6336302.0
2020-02-24,50.78,51.33,49.01,49.03,8049769.0
2020-02-21,51.86,52.0196,51.27,51.45,4644696.0
2020-02-20,52.07,52.34,51.5,51.87,3368565.0
2020-02-19,51.82,52.09,51.49,52.07,3279683.0
2020-02-18,52.41,52.7,51.725,51.86,4334648.0
2020-02-14,53.72,53.79,52.74,52.85,5153820.0
2020-02-13,54.31,54.47,53.45,53.57,3669498.0
2020-02-12,53.42,54.53,53.12,54.47,5362488.0
2020-02-11,53.54,53.56,52.85,52.99,4054054.0
2020-02-10,53.29,54.06,53.1,53.42,4326583.0
2020-02-07,53.28,53.69,52.98,53.24,3378473.0
2020-02-06,53.51,54.245,53.17,53.49,4400035.0
2020-02-05,52.85,53.65,52.5,52.98,5386802.0
2020-02-04,51.56,52.425,51.335,52.34,4911144.0
2020-02-03,51.04,51.485,50.92,50.95,5153006.0
2020-01-31,51.71,51.915,50.66,50.85,6532515.0
2020-01-30,52.04,52.1274,51.18,51.95,3790868.0
2020-01-29,52.82,52.99,52.27,52.28,3510453.0
2020-01-28,52.45,52.98,52.175,52.78,4771222.0
2020-01-27,51.55,52.59,51.54,52.23,5108635.0
2020-01-24,53.32,53.3699,51.8945,52.04,6415410.0
2020-01-23,53.34,53.6,52.81,53.3,4993976.0
2020-01-22,53.73,54.04,53.4,53.42,3703785.0
2020-01-21,54.39,54.39,53.46,53.87,5928447.0
2020-01-17,54.69,54.79,54.32,54.41,5048287.0
2020-01-16,54.44,54.63,54.18,54.42,4974724.0
2020-01-15,54.54,54.7,54.08,54.43,3495630.0
2020-01-14,54.04,54.71,53.82,54.62,4466942.0
2020-01-13,54.2,54.66,53.98,54.06,5507417.0
2020-01-10,54.84,54.88,54.06,54.22,6688348.0
2020-01-09,55.79,56.09,54.615,54.68,8471234.0
2020-01-08,56.05,56.8,54.91,55.83,17434728.0
2020-01-07,59.22,59.48,58.62,59.29,4376063.0
2020-01-06,59.04,59.78,58.475,59.59,6003622.0
2020-01-03,58.54,59.35,58.18,59.08,4895885.0
2020-01-02,59.28,59.59,58.6962,59.08,5583185.0
2019-12-31,58.82,59.47,58.81,58.96,3305124.0
2019-12-30,59.09,59.6,58.81,58.91,3265205.0
2019-12-27,58.92,59.03,58.38,59.02,3647857.0
2019-12-26,58.34,59.02,58.3,58.9,2738901.0
2019-12-24,58.9,58.92,58.275,58.35,1475405.0
2019-12-23,58.71,59.0,58.42,58.57,4813274.0
2019-12-20,58.33,58.98,57.76,58.39,8437558.0
2019-12-19,57.55,58.82,57.34,57.75,5201971.0
2019-12-18,57.23,57.51,56.93,57.2,4906107.0
2019-12-17,57.86,58.0,56.76,57.09,5417661.0
2019-12-16,58.16,58.77,57.78,57.8,5461750.0
2019-12-13,58.51,58.81,57.685,57.88,4356392.0
2019-12-12,58.31,59.28,58.14,58.58,3139920.0
2019-12-11,58.15,58.44,57.76,58.01,2951412.0
2019-12-10,58.85,58.9,58.25,58.41,3401000.0
2019-12-09,58.53,59.0722,58.31,58.71,4103654.0
2019-12-06,59.38,59.92,58.59,58.63,3478182.0
2019-12-05,59.06,59.31,58.47,59.1,3815803.0
2019-12-04,59.69,59.82,58.65,58.91,3765705.0
2019-12-03,58.8,59.075,57.73,58.99,4930791.0
2019-12-02,59.3,59.5,58.46,59.27,5696115.0
2019-11-29,59.96,59.99,59.45,59.6,2177916.0
2019-11-27,59.79,60.17,59.25,60.11,4034172.0
2019-11-26,60.42,60.54,58.94,59.63,7656565.0
2019-11-25,60.69,61.05,60.56,60.67,4657040.0
2019-11-22,60.94,61.2724,60.41,60.6,3506890.0
2019-11-21,61.36,61.4116,60.46,60.62,3963195.0
2019-11-20,61.21,61.53,60.68,61.34,5933756.0
2019-11-19,62.16,62.16,61.1,61.45,4201166.0
2019-11-18,62.07,62.38,61.71,61.94,4578154.0
2019-11-15,61.88,62.88,61.81,62.14,5321153.0
2019-11-14,62.3,62.66,61.62,61.94,4184733.0
2019-11-13,62.63,62.82,61.78,62.25,5086354.0
2019-11-12,62.3,62.85,61.51,62.72,6903446.0
2019-11-11,62.64,63.24,61.21,62.25,24420893.0
2019-11-08,58.73,59.48,58.08,59.24,5450275.0
2019-11-07,59.82,60.795,58.56,58.67,9861730.0
2019-11-06,61.69,61.7,58.54,59.49,13655136.0
2019-11-05,59.99,64.5,59.12,61.21,28677938.0
2019-11-04,57.9,60.0,57.8806,59.65,10758498.0
2019-11-01,55.08,57.71,55.01,57.38,8239006.0
2019-10-31,55.88,55.88,53.995,54.78,6969953.0
2019-10-30,56.15,56.58,55.21,55.86,3684425.0
2019-10-29,55.55,56.805,54.84,56.27,5968942.0
2019-10-28,56.04,56.45,54.93,55.8,8054962.0
2019-10-25,54.2,55.57,54.02,55.42,4806506.0
2019-10-24,54.59,55.26,53.83,54.45,3602263.0
2019-10-23,53.86,54.685,53.55,54.56,4677817.0
2019-10-22,54.88,55.51,54.52,55.32,3836069.0
2019-10-21,55.15,55.5,54.28,54.59,5180797.0
2019-10-18,56.02,56.17,55.27,55.3,4673080.0
2019-10-17,54.98,56.1,54.7765,55.94,4831812.0
2019-10-16,54.48,55.2,54.26,54.66,2977171.0
2019-10-15,53.76,54.85,53.73,54.515,3398182.0
2019-10-14,53.74,53.96,53.17,53.67,2542421.0
2019-10-11,53.45,54.6,53.45,53.99,4803425.0
2019-10-10,52.24,53.27,52.2393,52.93,3363099.0
2019-10-09,52.61,52.73,52.025,52.075,4753858.0
2019-10-08,52.35,52.75,51.86,52.09,4704350.0
2019-10-07,52.83,53.12,52.57,52.76,4494622.0
2019-10-04,52.74,53.06,52.06,52.97,3985765.0
2019-10-03,52.83,53.0451,51.57,52.6,3776218.0
2019-10-02,54.53,54.62,52.73,52.83,5018863.0
2019-10-01,55.26,55.87,54.28,54.7,4843023.0
2019-09-30,54.61,55.51,54.55,55.31,3310598.0
2019-09-27,54.24,54.96,53.72,54.41,3403067.0
2019-09-26,54.7,54.82,53.56,54.08,3864825.0
2019-09-25,53.69,54.561,53.32,54.36,3408561.0
2019-09-24,54.67,54.76,53.23,53.63,5431656.0
2019-09-23,54.94,55.0916,53.78,54.32,4190220.0
2019-09-20,54.39,55.94,54.26,55.0,11240749.0
2019-09-19,54.64,55.04,54.44,54.57,4407761.0
2019-09-18,54.64,54.73,53.92,54.41,3945341.0
2019-09-17,55.34,55.34,54.22,54.84,4858032.0
2019-09-16,55.35,55.7,55.06,55.34,3660839.0
2019-09-13,55.95,56.44,55.3,55.99,3872245.0
2019-09-12,58.0,58.0,55.26,55.56,6771712.0
2019-09-11,57.34,58.1,56.83,58.06,6992339.0
2019-09-10,55.57,57.0,55.46,56.88,6930907.0
2019-09-09,52.65,55.7,52.65,55.59,9416368.0
2019-09-06,52.67,52.8,52.15,52.56,2565577.0
2019-09-05,51.8,52.7668,51.8,52.33,3807246.0
2019-09-04,50.73,51.62,50.73,51.43,4695354.0
2019-09-03,51.25,51.32,50.04,50.43,3975099.0
2019-08-30,50.68,51.19,50.45,51.19,5194919.0
2019-08-29,50.34,50.82,50.22,50.4,3271190.0
2019-08-28,49.26,49.99,49.03,49.95,2608426.0
2019-08-27,50.44,50.52,49.345,49.45,5049510.0
2019-08-26,49.98,50.1309,49.56,50.04,3647963.0
2019-08-23,50.54,51.02,49.14,49.32,5946099.0
2019-08-22,51.15,51.4,50.67,50.95,3772776.0
2019-08-21,51.04,51.67,50.7801,50.9,2964138.0
2019-08-20,51.21,51.53,50.63,50.67,3312041.0
2019-08-19,50.63,51.435,50.612,51.16,5128881.0
2019-08-16,49.63,50.74,49.5,50.48,4575271.0
2019-08-15,50.8,50.81,49.12,49.29,6299110.0
2019-08-14,52.44,52.44,50.36,50.41,6193635.0
2019-08-13,51.94,53.9,51.51,53.07,5274689.0
2019-08-12,52.78,52.89,51.675,52.0,3729379.0
2019-08-09,52.82,53.05,52.33,52.79,2915890.0
2019-08-08,52.48,53.03,52.3535,53.02,3400304.0
2019-08-07,51.04,52.61,50.0888,52.48,6258369.0
2019-08-06,52.0,52.2468,50.79,51.45,6742302.0
2019-08-05,53.47,53.59,51.655,51.87,6751697.0
2019-08-02,54.19,54.35,53.0746,53.68,4524044.0
2019-08-01,54.6,55.77,53.9,54.07,5921020.0
2019-07-31,55.28,55.45,53.79,54.49,6642211.0
2019-07-30,54.99,55.65,54.61,55.4,2773953.0
2019-07-29,55.09,55.54,54.965,55.12,2793114.0
2019-07-26,54.86,55.14,54.58,55.05,3009408.0
2019-07-25,55.2,55.25,54.5,54.76,3071669.0
2019-07-24,54.64,55.21,54.26,55.2,4000534.0
2019-07-23,54.14,54.88,53.74,54.65,4583059.0
2019-07-22,54.66,54.66,53.66,53.94,3945422.0
2019-07-19,54.86,55.11,54.37,54.44,3639641.0
2019-07-18,54.3,54.96,53.82,54.82,4249271.0
2019-07-17,55.69,55.8,54.2642,54.52,5185633.0
2019-07-16,56.08,56.15,55.69,55.81,3661085.0
2019-07-15,55.96,56.16,55.74,55.89,3581098.0
2019-07-12,56.25,56.26,55.56,55.74,3826202.0
2019-07-11,56.56,56.95,55.29,55.62,7161577.0
2019-07-10,55.78,56.15,55.4,55.57,5217949.0
2019-07-09,55.35,55.78,55.13,55.5,3517225.0
2019-07-08,55.17,55.515,54.885,55.43,3819642.0
2019-07-05,55.11,55.565,54.75,55.19,4120573.0
2019-07-03,55.07,55.5,54.85,55.19,3990542.0
2019-07-02,54.7,55.15,54.19,54.96,5108065.0
2019-07-01,55.36,55.68,54.32,54.65,5730946.0
2019-06-28,54.47,54.79,53.8531,54.67,10395693.0
2019-06-27,53.7,55.19,53.5,54.52,12144548.0
2019-06-26,53.06,53.12,52.29,52.38,5951110.0
2019-06-25,51.85,53.48,51.46,52.95,8535107.0
2019-06-24,52.35,52.59,51.775,51.95,6725537.0
2019-06-21,52.77,53.35,52.43,52.45,13972756.0
2019-06-20,52.93,53.51,52.51,52.88,6157641.0
2019-06-19,52.99,53.255,52.505,52.9,4959068.0
2019-06-18,53.28,53.93,52.67,52.8,5977915.0
2019-06-17,52.57,53.1556,52.13,52.81,4108652.0
2019-06-14,52.87,53.05,52.125,52.57,3246332.0
2019-06-13,52.4,53.02,52.3,52.89,3329262.0
2019-06-12,52.95,52.95,51.65,52.12,4213212.0
2019-06-11,52.61,53.26,52.56,52.88,4503966.0
2019-06-10,52.1,52.69,51.87,52.29,3673801.0
2019-06-07,51.24,52.0956,50.8,51.97,4217698.0
2019-06-06,50.92,51.155,50.375,50.98,3418237.0
2019-06-05,51.83,51.87,50.5,50.8,4507825.0
2019-06-04,50.5,51.63,50.35,51.5,5978018.0
2019-06-03,49.52,50.65,49.52,49.91,6024233.0
2019-05-31,50.29,50.31,49.31,49.34,6568170.0
2019-05-30,51.23,51.29,50.2,50.55,3844658.0
2019-05-29,51.57,51.6,50.79,51.13,4209148.0
2019-05-28,51.84,52.28,51.625,51.69,6458099.0
2019-05-24,51.78,51.84,51.16,51.77,4296034.0
2019-05-23,52.49,52.5,51.36,51.61,5041566.0
2019-05-22,52.77,53.01,52.39,52.94,3372200.0
2019-05-21,52.4,52.85,52.17,52.76,4267815.0
2019-05-20,52.03,52.72,51.87,52.26,4641735.0
2019-05-17,52.23,52.835,51.93,52.27,4812298.0
2019-05-16,53.0,53.44,52.31,52.5,4722293.0
2019-05-15,52.23,52.96,51.79,52.74,4570159.0
2019-05-14,52.23,53.0853,52.05,52.58,5458642.0
2019-05-13,52.94,53.09,51.96,52.12,5670544.0
2019-05-10,53.48,53.6,52.5168,53.42,5039269.0
2019-05-09,53.24,53.81,52.67,53.56,4661175.0
2019-05-08,52.95,53.845,52.385,53.5,5347368.0
2019-05-07,53.5,53.87,52.665,52.94,6446208.0
2019-05-06,53.72,54.1,53.135,53.92,5520913.0
2019-05-03,54.18,54.33,53.84,54.08,5516981.0
2019-05-02,53.81,53.9,52.98,53.79,5301766.0
2019-05-01,53.57,54.1,53.5,53.68,5954210.0
2019-04-30,53.67,53.87,53.04,53.57,8175445.0
2019-04-29,52.92,53.705,52.78,53.56,5095194.0
2019-04-26,52.72,52.96,52.25,52.85,7253748.0
2019-04-25,53.34,53.42,52.64,52.68,6641320.0
2019-04-24,53.19,53.99,53.19,53.47,5997476.0
2019-04-23,54.31,54.35,53.17,53.22,8326965.0
2019-04-22,54.59,54.9211,54.08,54.1,5446180.0
2019-04-18,55.22,55.38,54.58,54.63,7991280.0
2019-04-17,55.0,55.25,54.08,55.14,10103126.0
2019-04-16,54.57,54.96,53.9656,54.84,7912125.0
2019-04-15,53.57,54.46,53.57,54.24,5963520.0
2019-04-12,53.78,54.0,53.4,53.45,7298779.0
2019-04-11,54.59,54.8,53.32,53.44,8194351.0
2019-04-10,54.51,54.7298,54.36,54.51,5483516.0
2019-04-09,54.78,55.03,54.36,54.5,8987701.0
2019-04-08,54.72,55.4,54.5,55.06,7120975.0
2019-04-05,54.36,55.22,54.2975,54.69,10509479.0
2019-04-04,54.81,55.0,53.85,54.15,14150542.0
2019-04-03,55.54,55.7,54.48,54.84,17901916.0
2019-04-02,55.84,56.44,55.0,55.36,36877784.0
2019-04-01,63.55,64.105,63.14,63.49,6328561.0
2019-03-29,62.75,63.755,62.64,63.27,4993295.0
2019-03-28,62.34,63.45,62.29,62.51,5768320.0
2019-03-27,61.7,62.31,61.14,62.23,5180928.0
2019-03-26,61.86,62.77,61.62,61.92,5582592.0
2019-03-25,62.33,62.4,61.35,61.69,4567241.0
2019-03-22,63.63,63.94,62.385,62.41,4855388.0
2019-03-21,62.7,63.81,62.44,63.6,3795214.0
2019-03-20,63.63,63.79,62.52,62.79,5171965.0
2019-03-19,63.45,64.18,63.29,63.77,5880901.0
2019-03-18,62.71,63.09,62.3135,63.08,5296760.0
2019-03-15,61.96,62.69,61.71,62.63,9773491.0
2019-03-14,62.03,62.37,61.47,61.82,5792349.0
2019-03-13,61.4,61.97,61.02,61.9,5720008.0
2019-03-12,60.97,61.23,60.675,61.0,5638423.0
2019-03-11,60.19,61.0901,59.84,60.68,5638000.0
2019-03-08,59.87,60.82,59.33,59.9,9909549.0
2019-03-07,60.97,61.16,59.57,59.79,9695792.0
2019-03-06,63.52,63.75,60.89,61.1,15392508.0
2019-03-05,64.86,65.05,62.97,63.4,11956148.0
2019-03-04,66.96,67.0,64.29,64.74,10870908.0
2019-03-01,70.85,71.18,66.075,66.61,10299296.0
2019-02-28,71.41,71.88,70.965,71.19,7774999.0
2019-02-27,71.09,71.59,70.89,71.37,3959924.0
2019-02-26,71.51,71.72,70.88,71.48,3498712.0
2019-02-25,70.93,71.66,70.74,71.31,4308174.0
2019-02-22,70.43,70.6,69.82,70.43,4928907.0
2019-02-21,71.62,71.7,70.26,70.47,4482189.0
2019-02-20,72.98,73.26,71.54,71.8,7882414.0
2019-02-19,73.49,74.945,73.4,74.43,6374589.0
2019-02-15,72.91,73.83,72.66,73.43,4670444.0
2019-02-14,71.68,72.45,71.29,72.11,3855079.0
2019-02-13,71.85,72.71,71.75,72.43,3856855.0
2019-02-12,71.16,71.98,70.7,71.56,3980398.0
2019-02-11,70.25,70.54,70.03,70.47,3482350.0
2019-02-08,70.8,70.9,69.5301,70.12,4139420.0
2019-02-07,71.15,71.37,70.38,71.2,4631206.0
2019-02-06,71.0,71.707,70.88,71.47,4336554.0
2019-02-05,71.38,71.73,70.835,71.31,7128649.0
2019-02-04,71.83,71.88,70.9,71.46,5444342.0
2019-02-01,72.38,72.55,71.525,71.88,4642537.0
2019-01-31,71.5,72.59,71.5,72.26,8390779.0
2019-01-30,71.41,72.03,71.18,71.61,4122089.0
2019-01-29,71.55,71.8,70.8801,71.5,3367103.0
2019-01-28,71.37,71.67,70.47,71.58,4088558.0
2019-01-25,71.91,72.4198,71.58,71.89,5221801.0
2019-01-24,71.73,71.8,70.86,71.32,4152741.0
2019-01-23,72.1,72.4,71.01,71.71,4187719.0
2019-01-22,72.12,72.32,71.1,71.59,5578261.0
2019-01-18,72.42,72.88,71.96,72.43,5539866.0
2019-01-17,71.34,72.27,71.29,71.99,3625470.0
2019-01-16,72.01,72.5859,71.84,72.0,3785442.0
2019-01-15,70.97,71.98,70.8,71.79,4259874.0
2019-01-14,71.4,71.5,70.35,70.65,5997658.0
2019-01-11,72.6,72.62,71.13,71.71,5684660.0
2019-01-10,72.03,72.75,71.25,72.48,5130543.0
2019-01-09,71.82,72.65,71.53,72.23,6317999.0
2019-01-08,70.52,71.67,70.14,71.37,6548096.0
2019-01-07,69.15,70.54,68.82,69.97,6192472.0
2019-01-04,68.43,70.14,68.0,69.57,6868575.0
2019-01-03,67.8,68.09,66.72,67.33,5853235.0
2019-01-02,67.2,68.46,66.69,68.04,5528141.0
2018-12-31,68.54,68.72,67.7374,68.33,4870858.0
2018-12-28,68.56,69.08,67.59,68.05,5181825.0
2018-12-27,67.16,68.39,65.74,68.36,6873283.0
2018-12-26,65.4,67.79,64.51,67.72,6584737.0
2018-12-24,66.97,67.2,65.12,65.26,5608199.0
2018-12-21,69.64,71.3,66.79,67.26,22563876.0
2018-12-20,71.88,72.32,68.455,69.61,12686502.0
2018-12-19,75.85,75.94,72.59,73.29,11063939.0
2018-12-18,76.96,77.69,75.37,75.48,9124360.0
2018-12-17,77.92,78.37,75.8,76.22,12321455.0
2018-12-14,79.27,80.1,78.44,78.74,9282451.0
2018-12-13,82.71,83.14,81.68,82.32,4771106.0
2018-12-12,82.45,83.33,82.11,82.44,4844744.0
2018-12-11,81.93,82.35,80.75,81.81,5467526.0
2018-12-10,81.6,81.92,79.69,81.16,5625971.0
2018-12-07,82.42,83.21,80.92,81.19,6152967.0
2018-12-06,82.4,83.565,80.77,82.94,8093384.0
2018-12-04,85.93,86.31,82.4,82.82,8359381.0
2018-12-03,85.03,85.83,84.68,85.69,6223936.0
2018-11-30,84.85,85.31,83.795,84.67,8323504.0
2018-11-29,83.84,85.13,83.84,84.85,6090314.0
2018-11-28,83.82,84.66,82.8,84.64,6784175.0
2018-11-27,81.75,83.53,81.3965,83.52,6047416.0
2018-11-26,81.44,82.18,80.98,81.7,5565249.0
2018-11-23,79.11,81.5,79.01,80.81,2716274.0
2018-11-21,80.4,81.47,79.68,79.76,6396940.0
2018-11-20,81.08,81.73,78.28,79.79,8267084.0
2018-11-19,82.34,82.99,81.72,81.92,6064472.0
2018-11-16,82.47,83.07,81.56,82.52,3603773.0
2018-11-15,81.54,82.42,80.83,82.29,4336142.0
2018-11-14,82.38,83.18,80.93,81.52,5366141.0
2018-11-13,82.27,82.68,81.43,81.92,4375346.0
2018-11-12,82.39,82.59,81.58,81.81,3545014.0
2018-11-09,82.51,82.98,81.73,82.39,3601912.0
2018-11-08,81.5,83.0,81.31,82.44,5344699.0
2018-11-07,80.75,81.96,80.555,81.91,6142495.0
2018-11-06,80.08,80.65,79.58,80.6,6265516.0
2018-11-05,79.6,80.2,79.03,79.97,6061150.0
2018-11-02,80.265,80.42,78.51,79.3,7197950.0
2018-11-01,79.48,80.27,79.2,79.9,6368666.0
2018-10-31,78.8,80.25,77.65,79.77,12973939.0
2018-10-30,77.12,78.94,76.595,78.8,6944124.0
2018-10-29,76.77,77.68,75.5,76.82,6398248.0
2018-10-26,73.52,76.75,73.5,76.23,12078379.0
2018-10-25,74.86,75.845,74.1,75.74,6434364.0
2018-10-24,77.31,77.81,74.07,74.2,9171433.0
2018-10-23,77.27,77.8,76.4,77.26,5094088.0
2018-10-22,77.56,78.1,77.0801,77.65,5715508.0
2018-10-19,77.01,77.995,76.6726,77.35,5934953.0
2018-10-18,77.05,77.6367,76.29,76.58,5879762.0
2018-10-17,76.1,77.49,75.73,76.98,6256959.0
2018-10-16,75.18,76.45,74.37,76.28,7739182.0
2018-10-15,73.09,75.3499,73.0001,74.72,8308666.0
2018-10-12,71.45,73.76,70.43,73.5,9722766.0
2018-10-11,69.7535,74.38,69.69,70.9,15407157.0
2018-10-10,73.56,74.225,72.31,72.31,8011184.0
2018-10-09,73.56,73.82,72.91,73.56,5194777.0
2018-10-08,72.5,74.55,72.49,74.15,6482021.0
2018-10-05,73.09,73.47,72.14,72.51,5663537.0
2018-10-04,73.69,74.1289,72.91,73.34,3832751.0
2018-10-03,73.7,74.2686,73.49,73.8,6075375.0
2018-10-02,72.3,73.77,72.01,73.49,3842923.0
2018-10-01,72.88,73.6,72.37,72.46,5408571.0
2018-09-28,73.82,74.0,72.75,72.9,4871240.0
2018-09-27,72.96,74.57,72.51,73.81,4111727.0
2018-09-26,72.42,73.7,72.27,72.96,5742903.0
2018-09-25,72.77,72.9511,71.83,72.21,3111208.0
2018-09-24,72.56,72.67,71.755,72.2,3556786.0
2018-09-21,73.2,73.2,71.94,73.0,8826472.0
2018-09-20,71.52,72.98,71.52,72.89,5279627.0
2018-09-19,71.01,72.04,70.89,71.28,4552528.0
2018-09-18,70.51,71.44,70.32,70.88,4670797.0
2018-09-17,70.36,70.64,70.07,70.45,3891297.0
2018-09-14,70.69,70.7,69.98,70.28,3069650.0
2018-09-13,70.46,70.97,70.14,70.48,4375171.0
2018-09-12,68.71,70.5,68.66,70.38,6242396.0
2018-09-11,68.59,69.23,68.44,68.74,4087743.0
2018-09-10,68.55,69.16,68.51,68.8,3738044.0
2018-09-07,67.9,68.29,67.58,68.19,4350476.0
2018-09-06,68.09,68.52,67.78,68.03,5027456.0
2018-09-05,67.46,68.4,67.46,68.24,6131131.0
2018-09-04,68.53,68.59,67.42,67.62,5007073.0
2018-08-31,67.54,68.62,67.54,68.56,4421529.0
2018-08-30,68.53,68.98,67.67,67.8,4903216.0
2018-08-29,69.2,69.21,68.41,68.66,4407731.0
2018-08-28,69.58,69.8735,69.03,69.28,4241439.0
2018-08-27,69.67,69.67,69.18,69.44,5326369.0
2018-08-24,69.5,69.75,69.06,69.21,5435006.0
2018-08-23,69.55,69.91,69.02,69.28,4548923.0
2018-08-22,70.25,70.47,69.6225,69.64,3746566.0
2018-08-21,70.36,70.95,69.94,70.25,3683365.0
2018-08-20,70.23,70.73,69.91,69.99,4620202.0
2018-08-17,68.76,70.19,68.6,69.99,5884419.0
2018-08-16,69.14,69.93,68.98,69.62,9325953.0
2018-08-15,67.95,68.98,67.9205,68.73,5944335.0
2018-08-14,66.62,68.855,66.51,68.66,6390792.0
2018-08-13,66.48,66.96,66.21,66.48,5171460.0
2018-08-10,65.78,66.51,65.5433,66.49,4991389.0
2018-08-09,66.45,66.88,66.02,66.17,5795140.0
2018-08-08,67.44,67.56,65.8,66.49,7268195.0
2018-08-07,67.55,67.9798,66.9,67.05,7143667.0
2018-08-06,66.48,67.5,66.43,67.42,5108886.0
2018-08-03,67.19,67.7,66.96,67.22,4307302.0
2018-08-02,65.99,67.175,65.78,66.98,5815901.0
2018-08-01,67.61,67.65,66.29,66.44,6514859.0
2018-07-31,69.31,69.4,67.57,67.62,7261879.0
2018-07-30,68.39,69.53,68.32,69.16,7866384.0
2018-07-27,67.73,68.94,67.505,68.64,6871918.0
2018-07-26,67.37,67.99,66.84,67.54,7506309.0
2018-07-25,65.52,66.77,65.46,66.7,7863526.0
2018-07-24,65.65,66.15,65.16,65.51,7542638.0
2018-07-23,64.35,65.52,64.27,65.34,6965921.0
2018-07-20,64.64,65.23,64.31,64.98,7554652.0
2018-07-19,65.93,66.2,64.78,64.93,9823549.0
2018-07-18,65.72,66.72,65.66,66.16,9201051.0
2018-07-17,64.8,65.67,64.8,65.63,8412668.0
2018-07-16,65.14,65.4401,64.65,65.16,8619522.0
2018-07-13,63.96,65.52,63.95,65.17,7760084.0
2018-07-12,64.14,65.43,63.61,63.88,11650227.0
2018-07-11,63.06,63.87,62.181,63.66,9978801.0
2018-07-10,63.25,63.7,62.7,63.2,9250528.0
2018-07-09,63.12,64.3,63.1,63.73,7513024.0
2018-07-06,62.36,64.1,62.3,63.3,9740974.0
2018-07-05,61.15,62.545,60.815,62.38,12472981.0
2018-07-03,61.45,61.77,60.71,60.76,5602311.0
2018-07-02,59.68,61.27,59.5,61.13,11309695.0
2018-06-29,59.81,60.28,59.11,60.015,15725724.0
2018-06-28,60.39,61.0,59.07,59.7,40465735.0
2018-06-27,66.44,67.44,65.87,66.26,6327482.0
2018-06-26,67.19,67.44,65.42,66.57,8473030.0
2018-06-25,67.35,68.04,66.35,67.24,17147782.0
2018-06-22,67.84,68.27,67.465,67.61,10441265.0
2018-06-21,68.5,68.8699,66.92,67.79,8303558.0
2018-06-20,66.72,68.26,65.63,68.0,13923877.0
2018-06-19,63.69,64.76,63.67,64.61,5534293.0
2018-06-18,65.45,65.55,63.88,64.15,4933411.0
2018-06-15,65.0,65.82,64.57,65.8,10733576.0
2018-06-14,64.11,65.0,63.9,64.87,5645570.0
2018-06-13,63.31,64.43,63.31,63.91,5571777.0
2018-06-12,64.16,64.194,63.17,63.7,5173272.0
2018-06-11,63.38,64.39,63.07,64.06,3394693.0
2018-06-08,63.67,64.06,62.97,63.4,3857623.0
2018-06-07,63.15,64.01,63.0,63.6,5614607.0
2018-06-06,63.1,63.32,62.73,63.15,5455583.0
2018-06-05,63.18,63.24,62.44,62.89,6999079.0
2018-06-04,63.09,63.42,62.7,63.3,3564184.0
2018-06-01,62.56,63.31,62.15,62.86,3225489.0
2018-05-31,63.58,63.58,62.12,62.39,6508734.0
2018-05-30,63.0,63.86,62.69,63.54,3272104.0
2018-05-29,63.3,63.67,62.505,62.7,4749783.0
2018-05-25,63.5,64.15,63.19,63.53,3412089.0
2018-05-24,63.79,64.0,62.7,63.41,3573015.0
2018-05-23,63.78,64.0,62.685,63.91,4964625.0
2018-05-22,64.83,65.82,64.14,64.23,4307452.0
2018-05-21,64.49,65.095,64.26,64.5,3168105.0
2018-05-18,65.93,65.93,64.1,64.34,3388176.0
2018-05-17,65.23,66.04,65.02,65.99,3983008.0
2018-05-16,64.71,66.0,64.61,65.74,4159535.0
2018-05-15,64.58,65.38,63.9919,64.61,4984071.0
2018-05-14,64.26,65.22,64.1324,65.1,4792015.0
2018-05-11,63.85,64.56,62.64,64.09,6189141.0
2018-05-10,63.27,64.26,63.2,63.81,4288276.0
2018-05-09,62.49,63.1,62.12,62.94,3739191.0
2018-05-08,62.3,62.6,61.56,62.36,5406914.0
2018-05-07,63.85,64.0,62.03,62.3,5334645.0
2018-05-04,62.18,64.15,61.76,63.81,5523656.0
2018-05-03,63.42,63.5,61.88,62.23,6938868.0
2018-05-02,65.56,65.6,63.17,63.65,5411323.0
2018-05-01,65.37,66.23,64.63,65.42,5056741.0
2018-04-30,67.53,67.75,66.22,66.45,4399099.0
2018-04-27,66.56,67.88,66.37,67.11,4572317.0
2018-04-26,66.08,67.15,65.83,66.74,4891203.0
2018-04-25,64.99,66.23,64.38,65.95,4315364.0
2018-04-24,65.08,65.65,64.4,65.0,4423606.0
2018-04-23,64.25,64.7,63.81,64.6,4430646.0
2018-04-20,64.87,65.28,63.74,63.92,5919509.0
2018-04-19,66.09,66.3,64.86,65.28,3205348.0
2018-04-18,66.0,66.79,66.0,66.26,3058184.0
2018-04-17,66.71,67.0,64.8834,65.97,7946294.0
2018-04-16,64.19,68.15,63.92,66.22,9646030.0
2018-04-13,64.54,64.54,63.25,63.82,3390863.0
2018-04-12,64.28,64.62,63.62,64.04,4292822.0
2018-04-11,63.36,64.5,63.1,64.11,5842454.0
2018-04-10,63.48,63.99,62.69,63.76,4764281.0
2018-04-09,63.55,63.82,62.67,62.85,3984288.0
2018-04-06,64.36,64.7899,63.19,63.47,5110909.0
2018-04-05,65.74,65.93,64.535,64.65,6018513.0
2018-04-04,62.6,66.0079,62.6,65.51,8451760.0
2018-04-03,63.53,63.56,61.735,63.17,10657153.0
2018-04-02,65.1,65.45,62.4781,63.1,7805270.0
2018-03-29,67.67,68.0,64.76,65.47,8242458.0
2018-03-28,67.49,68.0,65.82,67.59,10125350.0
2018-03-27,67.84,67.97,65.675,65.96,7173312.0
2018-03-26,66.13,67.59,66.12,67.47,5229588.0
2018-03-23,66.06,66.75,65.36,65.43,6035326.0
2018-03-22,65.79,67.135,65.58,65.83,4166487.0
2018-03-21,65.96,67.14,65.68,66.27,3639088.0
2018-03-20,66.71,67.0,65.455,66.05,4135770.0
2018-03-19,67.47,67.695,66.22,66.62,3949645.0
2018-03-16,67.69,68.11,67.175,67.57,9816630.0
2018-03-15,68.58,68.97,67.08,67.38,4751102.0
2018-03-14,70.01,70.5,68.0,68.55,5703080.0
2018-03-13,70.64,70.71,69.5,69.86,3891325.0
2018-03-12,70.65,71.18,69.95,70.15,4733949.0
2018-03-09,69.22,70.69,68.575,70.6,3786190.0
2018-03-08,69.81,70.16,68.5,68.97,4549367.0
2018-03-07,69.26,70.25,68.98,69.5,4161368.0
2018-03-06,70.55,70.55,68.82,69.79,4498261.0
2018-03-05,70.04,70.67,69.3866,70.55,7464715.0
2018-03-02,69.55,70.75,69.4303,70.58,4682145.0
2018-03-01,69.06,71.12,68.96,70.2,7299826.0
2018-02-28,69.39,70.01,68.68,68.89,7715151.0
2018-02-27,70.79,71.0,68.51,69.14,6178837.0
2018-02-26,70.45,70.69,69.5,70.6,3198456.0
2018-02-23,70.32,70.5,69.09,70.36,3026503.0
2018-02-22,69.72,70.17,69.31,69.67,4610813.0
2018-02-21,70.93,71.28,69.54,69.63,4571083.0
2018-02-20,70.82,71.725,70.19,70.91,5165643.0
2018-02-16,69.99,71.37,69.94,70.92,4378838.0
2018-02-15,68.99,69.78,68.3,69.78,4516569.0
2018-02-14,67.6,69.3,67.6,68.49,5481037.0
2018-02-13,67.87,70.515,67.48,68.29,6768494.0
2018-02-12,68.62,69.44,67.87,68.46,3983393.0
2018-02-09,68.88,69.3,66.34,68.46,6664994.0
2018-02-08,71.57,71.85,68.2,68.22,5561704.0
2018-02-07,71.34,73.2,71.16,71.53,4263765.0
2018-02-06,69.1,72.19,68.301,71.79,6578900.0
2018-02-05,73.54,74.22,70.32,70.43,6065806.0
2018-02-02,75.88,76.24,73.3401,73.56,6933453.0
2018-02-01,74.53,76.35,73.67,76.06,5177474.0
2018-01-31,76.7,76.89,74.91,75.26,6565224.0
2018-01-30,77.96,79.21,75.43,76.13,10703564.0
2018-01-29,79.15,80.68,79.09,80.27,6064485.0
2018-01-26,78.5,79.2,78.03,79.15,3556343.0
2018-01-25,77.85,78.44,77.35,78.27,4019270.0
2018-01-24,77.3,77.83,77.0,77.33,3939506.0
2018-01-23,76.94,77.21,76.2,77.02,3579837.0
2018-01-22,76.64,77.44,76.42,77.4,3280204.0
2018-01-19,75.83,76.51,75.78,76.47,6749416.0
2018-01-18,75.59,76.35,75.53,76.0,5244296.0
2018-01-17,76.63,76.65,75.59,75.78,4472890.0
2018-01-16,76.45,76.62,75.92,76.03,4640425.0
2018-01-12,75.55,76.89,75.48,76.07,6423966.0
2018-01-11,73.95,75.44,73.9,75.38,6259837.0
2018-01-10,73.43,74.18,73.21,74.08,4431509.0
2018-01-09,74.08,74.1855,73.2,73.42,4128870.0
2018-01-08,73.15,74.0,72.75,73.85,5298022.0
2018-01-05,71.9,73.25,71.82,72.92,9005764.0
2018-01-04,73.49,73.5,70.73,71.6,12346714.0
2018-01-03,75.09,75.795,74.31,75.51,7097897.0
2018-01-02,73.28,75.19,72.97,74.95,6326544.0
2017-12-29,72.63,73.04,72.37,72.62,3043880.0
2017-12-28,72.88,72.98,72.23,72.94,2074670.0
2017-12-27,73.33,73.49,72.51,72.86,2954183.0
2017-12-26,72.99,73.61,72.71,73.3,1964018.0
2017-12-22,73.11,73.449,72.67,72.71,3475958.0
2017-12-21,72.68,73.96,72.4801,73.25,5015913.0
2017-12-20,72.53,72.97,71.98,72.72,6541017.0
2017-12-19,72.8,73.17,72.14,72.19,4972678.0
2017-12-18,72.5,73.28,72.28,72.55,6244722.0
2017-12-15,71.05,72.34,70.23,71.94,10930790.0
2017-12-14,71.47,71.585,70.0,70.36,7103417.0
2017-12-13,71.99,72.09,70.75,71.72,5298233.0
2017-12-12,71.81,72.15,70.93,72.01,4361200.0
2017-12-11,71.32,72.44,71.24,71.88,6218430.0
2017-12-08,70.09,71.61,69.505,71.55,6827172.0
2017-12-07,70.91,71.0,69.5,69.61,7842604.0
2017-12-06,70.44,71.285,69.84,71.05,5926760.0
2017-12-05,71.33,71.62,70.09,70.18,5813679.0
2017-12-04,71.33,71.71,70.41,71.57,9901534.0
2017-12-01,71.96,72.46,70.51,71.45,8730215.0
2017-11-30,71.93,72.92,70.77,72.76,11375586.0
2017-11-29,72.35,73.36,71.77,71.92,6239000.0
2017-11-28,69.43,72.47,69.02,72.24,7384419.0
2017-11-27,70.64,70.7,69.2608,69.39,5315233.0
2017-11-24,71.01,71.41,70.22,70.28,1682964.0
2017-11-22,71.13,72.12,71.0718,71.33,4172074.0
2017-11-21,70.66,71.26,70.39,71.16,8050791.0
2017-11-20,70.97,71.45,69.82,70.78,6695650.0
2017-11-17,71.44,71.98,71.0,71.25,6102081.0
2017-11-16,70.26,71.41,70.02,71.3,4130612.0
2017-11-15,70.61,70.88,69.922,70.2,4365983.0
2017-11-14,70.16,70.93,69.57,70.59,5248892.0
2017-11-13,70.71,73.83,69.27,70.37,12406082.0
2017-11-10,68.93,71.095,68.76,70.99,12360250.0
2017-11-09,68.91,69.93,68.36,69.54,7893326.0
2017-11-08,67.86,69.125,67.41,68.9,7808332.0
2017-11-07,65.76,68.46,65.75,67.92,9384484.0
2017-11-06,66.75,66.97,65.86,65.94,5447212.0
2017-11-03,66.85,67.54,66.51,66.87,13868463.0
2017-11-02,67.37,68.05,66.3,66.78,7876671.0
2017-11-01,65.34,67.8,65.17,67.01,9530853.0
2017-10-31,66.22,66.745,65.67,66.27,11430761.0
2017-10-30,64.45,66.48,64.25,66.26,12150261.0
2017-10-27,66.57,66.96,63.82,64.48,20826655.0
2017-10-26,69.64,70.26,66.38,67.11,18623955.0
2017-10-25,70.0,70.1092,66.05,69.36,16667980.0
2017-10-24,67.68,68.09,67.23,67.29,7627202.0
2017-10-23,68.11,68.45,67.47,67.51,6690996.0
2017-10-20,67.21,68.31,67.06,68.06,8739942.0
2017-10-19,67.77,68.14,67.105,67.2,4851372.0
2017-10-18,67.46,68.17,67.41,67.74,4867610.0
2017-10-17,67.31,67.74,66.92,67.4,5761860.0
2017-10-16,67.64,68.1698,67.21,67.31,6369058.0
2017-10-13,68.99,69.03,67.401,67.56,8708149.0
2017-10-12,68.8,69.61,68.55,69.0,6008707.0
2017-10-11,69.87,70.0299,68.8,68.92,7418801.0
2017-10-10,70.8,70.99,69.28,69.85,11978844.0
2017-10-09,73.36,73.3744,70.21,70.87,12317773.0
2017-10-06,75.95,76.24,72.77,73.2,11296522.0
2017-10-05,76.43,77.07,75.8,76.95,4465614.0
2017-10-04,76.61,76.95,75.68,75.83,4589144.0
2017-10-03,76.74,76.87,75.52,76.79,4881873.0
2017-10-02,77.32,77.5,76.5,76.6,5241298.0
2017-09-29,77.32,77.45,76.62,77.22,5111809.0
2017-09-28,77.71,78.0,77.12,77.52,6777931.0
2017-09-27,78.87,79.27,77.53,78.15,6887473.0
2017-09-26,79.48,79.63,78.85,79.08,4242738.0
2017-09-25,78.6,79.42,78.58,78.96,4878588.0
2017-09-22,78.0,78.5,77.62,78.41,4452564.0
2017-09-21,78.84,78.98,77.7,78.2,6368115.0
2017-09-20,80.75,81.27,78.435,78.84,9133838.0
2017-09-19,82.97,82.99,80.7,81.21,7064170.0
2017-09-18,82.51,83.62,82.5,82.6,5773040.0
2017-09-15,81.94,83.74,81.3,82.5,21689070.0
2017-09-14,81.67,82.57,81.36,82.01,4299793.0
2017-09-13,82.64,83.66,82.41,82.73,5717120.0
2017-09-12,82.24,83.89,81.97,82.74,7744201.0
2017-09-11,81.65,82.61,81.52,82.28,4275609.0
2017-09-08,81.7,81.95,81.06,81.39,4448054.0
2017-09-07,81.9,82.2,81.45,81.56,5430128.0
2017-09-06,81.58,82.11,81.495,81.76,5187318.0
2017-09-05,81.09,82.26,81.01,81.46,5441068.0
2017-09-01,81.63,81.6901,80.57,81.22,5289425.0
2017-08-31,81.94,82.22,81.39,81.5,4652312.0
2017-08-30,81.56,82.24,81.27,81.78,3147129.0
2017-08-29,80.9,81.76,80.81,81.42,3273504.0
2017-08-28,81.32,81.68,81.01,81.16,3273857.0
2017-08-25,80.8,81.81,80.61,81.13,5134419.0
2017-08-24,81.27,81.67,79.25,80.5,7794352.0
2017-08-23,80.93,81.505,80.8,81.36,3773023.0
2017-08-22,80.8,81.84,80.59,81.28,3152139.0
2017-08-21,80.08,80.93,80.08,80.6,4682098.0
2017-08-18,80.43,80.95,80.01,80.03,4599772.0
2017-08-17,80.55,81.86,80.42,80.89,3366823.0
2017-08-16,81.07,81.84,81.05,81.26,3452622.0
2017-08-15,81.58,81.86,81.02,81.13,4273145.0
2017-08-14,80.88,81.81,80.87,81.53,3998765.0
2017-08-11,79.92,81.065,79.81,80.72,3947097.0
2017-08-10,80.77,80.93,79.65,79.75,4594321.0
2017-08-09,80.91,81.495,80.5,81.28,4982850.0
2017-08-08,81.09,81.9298,81.0,81.08,3954268.0
2017-08-07,81.01,81.87,80.71,81.51,3239903.0
2017-08-04,81.38,81.45,80.93,81.06,3721039.0
2017-08-03,81.4,81.72,80.68,81.05,4527696.0
2017-08-02,80.9,81.3599,80.5802,81.03,4149471.0
2017-08-01,80.43,81.455,80.43,81.13,4770014.0
2017-07-31,79.92,80.9601,79.805,80.67,4813607.0
2017-07-28,78.6,79.86,78.6,79.62,5201753.0
2017-07-27,78.39,78.98,78.13,78.78,6430165.0
2017-07-26,80.07,80.5,78.48,78.68,8205335.0
2017-07-25,79.79,80.49,79.58,80.06,5291158.0
2017-07-24,78.82,79.96,78.75,79.6,4345644.0
2017-07-21,79.37,80.05,78.85,78.9,4774042.0
2017-07-20,79.64,79.98,79.15,79.8,6528522.0
2017-07-19,78.76,79.7701,78.72,79.56,4053275.0
2017-07-18,79.02,79.15,78.36,78.67,4344219.0
2017-07-17,79.14,79.25,78.65,79.18,4639292.0
2017-07-14,78.04,79.07,77.7,78.91,7863958.0
2017-07-13,77.66,78.4784,77.6,78.01,5408172.0
2017-07-12,77.79,77.97,77.45,77.52,4244644.0
2017-07-11,76.97,77.52,76.79,77.29,4728948.0
2017-07-10,77.48,77.59,76.85,77.16,4752803.0
2017-07-07,77.73,78.135,76.92,77.47,5868547.0
2017-07-06,78.45,78.47,77.63,77.72,5818117.0
2017-07-05,78.13,78.96,78.13,78.64,6306231.0
2017-07-03,78.52,78.8,78.01,78.13,2419188.0
2017-06-30,79.5,79.5864,77.14,78.31,6873486.0
2017-06-29,81.55,81.55,76.34,78.37,14803291.0
2017-06-28,77.49,78.24,76.83,77.09,6488417.0
2017-06-27,77.47,78.13,77.0901,77.26,6511025.0
2017-06-26,76.49,77.92,76.39,77.53,6568729.0
2017-06-23,76.37,76.51,75.18,76.34,8787507.0
2017-06-22,78.11,78.11,76.32,76.37,7832056.0
2017-06-21,78.3,78.64,77.721,78.12,4768189.0
2017-06-20,79.81,79.83,78.13,78.3,4937572.0
2017-06-19,78.96,79.83,78.06,79.81,7879530.0
2017-06-16,81.19,81.47,77.35,78.44,14827100.0
2017-06-15,82.45,82.86,81.235,82.56,5400054.0
2017-06-14,82.02,83.06,81.7,82.88,4346114.0
2017-06-13,81.32,81.89,80.96,81.8,2959840.0
2017-06-12,81.04,82.59,81.03,81.81,4610405.0
2017-06-09,81.54,81.6223,80.555,80.99,4115904.0
2017-06-08,81.51,82.04,81.38,81.47,2993112.0
2017-06-07,81.69,81.69,80.75,81.46,6066780.0
2017-06-06,82.75,83.35,81.075,81.45,6644067.0
2017-06-05,83.25,83.5,82.72,83.38,2761892.0
2017-06-02,82.3,83.13,82.27,83.1,3937442.0
2017-06-01,81.29,82.21,81.01,82.18,3665567.0
2017-05-31,80.37,81.03,80.3065,81.02,4196944.0
2017-05-30,81.05,81.11,80.13,80.16,4062321.0
2017-05-26,81.0,81.25,80.64,81.25,2713727.0
2017-05-25,80.68,81.2699,80.5,80.75,3954464.0
2017-05-24,81.4,81.41,80.31,80.58,3520975.0
2017-05-23,81.57,81.69,81.23,81.24,3002696.0
2017-05-22,80.59,81.44,80.21,81.34,5677013.0
2017-05-19,81.46,81.68,80.57,80.61,5263033.0
2017-05-18,81.96,82.39,81.38,81.45,4345933.0
2017-05-17,83.14,83.43,81.11,81.73,7680745.0
2017-05-16,84.98,84.99,84.27,84.51,2518596.0
2017-05-15,85.16,85.6,84.5,84.96,4040025.0
2017-05-12,85.48,85.61,84.86,85.25,3272757.0
2017-05-11,85.29,85.78,85.09,85.5,3685928.0
2017-05-10,85.77,85.88,85.51,85.62,2545003.0
2017-05-09,85.55,86.42,85.55,85.98,2710507.0
2017-05-08,85.64,85.99,85.36,85.84,2943657.0
2017-05-05,86.18,86.29,85.27,85.89,3544937.0
2017-05-04,85.85,86.27,85.72,86.05,3558802.0
2017-05-03,85.89,86.1,85.52,85.79,3278782.0
2017-05-02,86.73,86.86,85.68,85.81,3945801.0
2017-05-01,86.36,86.865,86.31,86.46,3272806.0
2017-04-28,85.77,87.79,85.45,86.54,3525306.0
2017-04-27,85.87,86.25,85.63,85.89,2855810.0
2017-04-26,85.93,86.35,85.45,85.92,3477924.0
2017-04-25,84.45,86.12,84.36,85.92,6975272.0
2017-04-24,84.76,84.86,84.16,84.28,5036451.0
2017-04-21,84.21,84.62,83.92,84.03,3698774.0
2017-04-20,83.73,84.66,83.49,84.14,4219726.0
2017-04-19,83.21,84.0,82.96,83.51,5163499.0
2017-04-18,82.6,83.05,82.515,82.82,2894280.0
2017-04-17,82.63,83.16,82.5215,83.13,1931626.0
2017-04-13,82.82,83.18,82.35,82.48,2780762.0
2017-04-12,82.44,82.83,82.31,82.57,2984343.0
2017-04-11,82.27,82.81,82.08,82.68,3464917.0
2017-04-10,82.28,82.81,82.12,82.51,4073427.0
2017-04-07,81.8,82.94,81.66,82.33,5576132.0
2017-04-06,81.2,81.91,80.92,81.66,4696691.0
2017-04-05,82.98,83.1,80.3,81.17,12117445.0
2017-04-04,82.84,83.61,82.39,82.5,3273405.0
2017-04-03,83.36,83.75,82.8,82.95,3283623.0
2017-03-31,83.11,83.69,83.03,83.05,3133198.0
2017-03-30,83.65,83.79,83.1,83.31,2437968.0
2017-03-29,83.6,83.87,83.31,83.77,2016580.0
2017-03-28,83.29,84.015,83.1,83.74,3053042.0
2017-03-27,82.71,83.62,82.5501,83.56,2410041.0
2017-03-24,83.25,83.34,82.61,82.97,2110083.0
2017-03-23,82.89,83.4712,82.59,82.98,2501173.0
2017-03-22,83.49,83.85,82.55,83.03,4488298.0
2017-03-21,84.76,84.91,82.77,83.21,5072986.0
2017-03-20,85.77,85.86,84.55,84.63,3579559.0
2017-03-17,86.25,86.25,85.04,85.91,7254687.0
2017-03-16,85.61,86.04,85.22,85.67,3356110.0
2017-03-15,85.53,85.95,84.71,85.8,3921032.0
2017-03-14,85.45,85.5,84.63,85.4,3257320.0
2017-03-13,85.42,85.76,85.0701,85.61,2417742.0
2017-03-10,85.93,86.06,85.34,85.63,2601035.0
2017-03-09,85.26,85.81,84.45,85.31,2520986.0
2017-03-08,85.99,85.99,85.12,85.16,2898421.0
2017-03-07,85.46,86.32,85.36,85.99,2407972.0
2017-03-06,85.58,86.44,85.36,85.88,2437548.0
2017-03-03,86.66,86.91,85.24,85.89,3157970.0
2017-03-02,86.5,87.03,86.3196,86.74,3097105.0
2017-03-01,86.82,87.23,86.4,86.77,3390496.0
2017-02-28,87.13,87.13,85.59,86.38,3879904.0
2017-02-27,87.47,87.58,87.05,87.22,2032133.0
2017-02-24,86.86,87.63,86.73,87.61,2890852.0
2017-02-23,86.47,87.82,83.99,86.99,3437222.0
2017-02-22,86.43,86.57,85.9,86.29,3047701.0
2017-02-21,88.0,88.0,85.89,86.41,3430698.0
2017-02-17,85.54,86.1,85.37,85.86,4106620.0
2017-02-16,84.2,86.12,84.0,85.65,6373665.0
2017-02-15,83.74,84.38,83.61,84.25,2736127.0
2017-02-14,83.33,83.88,83.06,83.79,5095885.0
2017-02-13,83.48,83.6275,82.67,83.43,3299797.0
2017-02-10,82.38,83.46,81.9501,83.31,4401200.0
2017-02-09,81.73,82.55,81.3991,82.38,2950038.0
2017-02-08,81.32,81.655,80.72,81.53,2515251.0
2017-02-07,80.91,81.55,80.37,81.43,4174804.0
2017-02-06,80.53,81.4,80.47,80.8,3418422.0
2017-02-03,81.13,81.24,80.4,80.47,3167670.0
2017-02-02,81.05,81.05,80.21,80.59,3667771.0
2017-02-01,81.2,81.69,80.16,81.04,5080115.0
2017-01-31,81.26,81.94,81.09,81.94,3424716.0
2017-01-30,82.0,82.23,81.04,81.48,5047095.0
2017-01-27,81.6,82.28,80.74,81.5,4613064.0
2017-01-26,81.87,82.26,81.22,81.27,2535271.0
2017-01-25,81.42,82.32,81.33,82.03,5113159.0
2017-01-24,81.72,81.81,80.62,81.23,4245772.0
2017-01-23,81.4,82.49,81.345,81.55,3704323.0
2017-01-20,84.11,84.72,81.01,81.72,11067907.0
2017-01-19,84.08,84.09,83.34,83.49,2615684.0
2017-01-18,84.21,84.4,83.63,84.12,2938775.0
2017-01-17,83.53,84.55,83.5,84.22,3332053.0
2017-01-13,83.94,84.14,83.37,83.82,2934594.0
2017-01-12,84.15,84.27,83.35,83.92,3242564.0
2017-01-11,83.01,85.26,83.01,84.43,6573458.0
2017-01-10,82.41,83.4,82.0,82.67,3037865.0
2017-01-09,82.81,82.91,81.95,82.55,3293038.0
2017-01-06,83.08,83.69,82.45,83.1,3949995.0
2017-01-05,82.0,83.37,80.31,83.03,7401365.0
2017-01-04,83.3,83.5,82.78,82.98,4125458.0
2017-01-03,83.1,83.38,82.3,82.96,4943270.0
2016-12-30,83.46,83.62,82.42,82.76,3343578.0
2016-12-29,83.47,83.88,83.16,83.48,3697261.0
2016-12-28,84.51,84.84,83.42,83.59,4003172.0
2016-12-27,84.46,85.29,84.21,84.49,2765641.0
2016-12-23,84.33,84.77,83.75,84.28,2181182.0
2016-12-22,85.5,85.85,83.9,84.27,3983109.0
2016-12-21,86.22,86.42,85.7,85.85,2166922.0
2016-12-20,87.0,87.42,85.89,86.28,4141718.0
2016-12-19,86.24,86.44,85.59,86.06,3048302.0
2016-12-16,86.22,87.19,85.84,86.08,7155144.0
2016-12-15,85.63,86.3001,85.02,85.72,3461858.0
2016-12-14,87.77,88.0,85.52,85.74,5117287.0
2016-12-13,86.83,87.94,86.25,87.73,3546980.0
2016-12-12,85.88,86.9099,85.88,86.64,2206614.0
2016-12-09,84.77,86.68,84.52,86.39,3408674.0
2016-12-08,85.07,85.22,83.8,84.28,3143499.0
2016-12-07,84.16,85.04,84.04,84.99,4858361.0
2016-12-06,84.82,85.0,84.29,84.71,2911403.0
2016-12-05,85.11,85.27,84.62,85.0,2800176.0
2016-12-02,84.39,85.44,83.89,85.11,3928646.0
2016-12-01,84.83,85.05,83.7,84.22,4463474.0
2016-11-30,85.75,85.84,84.41,84.73,5951933.0
2016-11-29,85.33,86.26,84.66,85.53,3686831.0
2016-11-28,84.1,85.57,84.0525,85.35,3956847.0
2016-11-25,84.16,84.53,84.0,84.43,1587742.0
2016-11-23,83.93,84.15,83.61,84.05,2788299.0
2016-11-22,84.47,84.72,83.77,83.92,3500542.0
2016-11-21,83.15,84.51,83.04,84.42,3110653.0
2016-11-18,83.53,83.87,82.56,83.27,5013338.0
2016-11-17,83.07,84.1,82.2462,83.99,3808662.0
2016-11-16,83.25,83.36,82.45,83.19,3833572.0
2016-11-15,81.9,83.35,81.37,83.28,6651645.0
2016-11-14,81.04,81.88,80.78,81.76,4500869.0
2016-11-11,80.76,81.12,79.87,81.05,3802604.0
2016-11-10,82.0,82.3,79.82,80.87,5293448.0
2016-11-09,79.47,82.21,79.25,81.54,7290496.0
2016-11-08,78.21,80.55,77.02,80.09,12055433.0
2016-11-07,81.56,81.82,81.03,81.45,4453554.0
2016-11-04,80.05,81.26,80.05,80.35,7023873.0
2016-11-03,82.35,82.46,80.685,80.78,4587201.0
2016-11-02,81.3,82.29,81.28,81.93,9783089.0
2016-11-01,81.95,82.73,81.79,82.46,5130759.0
2016-10-31,81.48,82.8,81.39,82.73,4662127.0
2016-10-28,80.23,81.15,79.33,81.1,7971224.0
2016-10-27,82.18,82.69,81.82,82.16,2779828.0
2016-10-26,81.53,82.965,81.53,82.3,3068295.0
2016-10-25,83.1,83.25,82.18,82.45,3318564.0
2016-10-24,81.65,83.34,81.58,83.11,4751526.0
2016-10-21,80.7,81.62,80.28,81.57,4762880.0
2016-10-20,78.75,81.3,78.615,81.02,11159279.0
2016-10-19,78.06,78.07,76.26,77.18,5890663.0
2016-10-18,78.63,78.9,77.99,78.08,3097066.0
2016-10-17,79.5,79.7,77.83,78.01,3803498.0
2016-10-14,78.43,78.69,77.94,78.31,2657834.0
2016-10-13,77.84,78.63,77.7,78.2,3458736.0
2016-10-12,78.16,78.92,77.81,78.3,3474569.0
2016-10-11,79.45,79.51,77.7975,78.08,5524004.0
2016-10-10,80.0,80.1,79.39,79.65,2765162.0
2016-10-07,80.65,80.75,79.25,79.88,2851713.0
2016-10-06,80.7,80.7,79.74,80.3,3662227.0
2016-10-05,80.3,80.9,80.18,80.51,2498209.0
2016-10-04,80.85,81.491,80.03,80.24,3111612.0
2016-10-03,80.27,80.69,80.02,80.38,2306364.0
2016-09-30,79.59,80.92,79.02,80.62,4490152.0
2016-09-29,80.4,80.71,78.9,79.21,3657060.0
2016-09-28,81.18,81.47,80.15,80.66,3109992.0
2016-09-27,80.77,81.51,80.54,80.97,2898746.0
2016-09-26,81.66,81.9,80.56,80.68,2916358.0
2016-09-23,82.53,82.59,82.03,82.05,2715769.0
2016-09-22,81.24,82.71,80.916,82.38,6983078.0
2016-09-21,80.74,80.98,79.65,80.58,4603485.0
2016-09-20,80.91,81.29,80.62,80.64,2509955.0
2016-09-19,81.84,81.84,80.44,80.81,3753512.0
2016-09-16,80.5,81.73,80.36,81.49,8924860.0
2016-09-15,80.83,81.66,80.6922,81.4,5529974.0
2016-09-14,81.78,82.48,80.71,80.98,4875481.0
2016-09-13,83.0,83.16,81.98,82.25,3600405.0
2016-09-12,82.95,83.74,82.66,83.57,4982823.0
2016-09-09,83.7,84.24,82.77,82.92,6937617.0
2016-09-08,84.25,85.08,82.88,84.67,9886020.0
2016-09-07,81.82,83.06,81.41,82.88,3316700.0
2016-09-06,82.05,82.137,81.2,81.64,3726013.0
2016-09-02,81.87,82.25,81.72,82.22,3029648.0
2016-09-01,81.04,81.71,80.59,81.54,3296108.0
2016-08-31,80.54,80.83,80.25,80.71,3282708.0
2016-08-30,80.41,80.55,79.98,80.52,2782911.0
2016-08-29,79.8,80.86,79.7101,80.35,3467800.0
2016-08-26,80.31,80.43,78.51,79.39,6064847.0
2016-08-25,81.33,81.63,79.805,80.18,4233463.0
2016-08-24,82.06,82.44,81.25,81.47,3993388.0
2016-08-23,83.0,83.07,82.27,82.38,1883860.0
2016-08-22,82.66,83.0,82.22,82.74,2639852.0
2016-08-19,82.32,82.825,82.015,82.59,2757209.0
2016-08-18,82.65,82.91,82.04,82.65,2886314.0
2016-08-17,82.58,82.89,81.73,82.52,3844406.0
2016-08-16,83.4,83.5,82.77,82.8,3374766.0
2016-08-15,83.3,83.8799,82.66,83.61,3611130.0
2016-08-12,82.64,83.36,82.5,83.32,3574213.0
2016-08-11,82.94,83.23,82.39,82.91,6038894.0
2016-08-10,81.06,82.9,81.02,82.5,8216360.0
2016-08-09,80.82,81.17,80.49,80.89,3465240.0
2016-08-08,80.42,80.8,80.31,80.63,3865534.0
2016-08-05,80.25,81.29,79.92,80.53,3769596.0
2016-08-04,79.85,80.29,79.66,79.85,3180069.0
2016-08-03,79.02,80.02,78.846,79.6,3819116.0
2016-08-02,79.6,80.14,78.42,78.95,3906205.0
2016-08-01,78.88,79.49,78.05,79.27,4581522.0
2016-07-29,79.49,79.565,78.8,79.25,3730298.0
2016-07-28,79.77,79.92,79.04,79.46,3906732.0
2016-07-27,80.58,80.6,79.55,79.94,9054470.0
2016-07-26,81.35,82.35,81.105,81.33,3129998.0
2016-07-25,81.41,81.61,80.79,81.57,3352828.0
2016-07-22,82.33,82.41,81.23,81.35,3159763.0
2016-07-21,82.45,82.75,81.49,81.7,2828456.0
2016-07-20,82.37,82.64,82.15,82.51,4919258.0
2016-07-19,83.03,83.195,81.98,82.21,4914258.0
2016-07-18,82.59,83.56,82.33,82.78,3805123.0
2016-07-15,84.34,84.38,82.25,82.51,6818654.0
2016-07-14,82.66,84.19,82.33,83.78,7002069.0
2016-07-13,81.69,82.23,81.21,81.77,4565374.0
2016-07-12,81.9,82.62,81.05,81.22,5229083.0
2016-07-11,81.83,82.31,81.6701,82.01,3607652.0
2016-07-08,81.01,81.8,80.63,81.8,5973492.0
2016-07-07,81.52,81.97,80.38,80.5,5559959.0
2016-07-06,82.15,82.8399,80.58,81.55,10537783.0
2016-07-05,82.88,84.97,82.7,83.52,7629265.0
2016-07-01,83.71,83.92,82.85,83.06,4858326.0
2016-06-30,83.39,83.45,82.21,83.27,5813242.0
2016-06-29,80.34,83.34,80.03,83.19,7039016.0
2016-06-28,79.71,79.98,78.99,79.88,4876716.0
2016-06-27,80.94,81.3562,79.01,79.39,6777783.0
2016-06-24,81.71,82.97,81.5,81.78,10136248.0
2016-06-23,84.3,85.09,83.71,85.06,4708177.0
2016-06-22,82.95,83.8,82.9,83.74,4711548.0
2016-06-21,83.1,83.39,82.86,83.2,3462651.0
2016-06-20,83.37,84.46,82.77,82.93,5121368.0
2016-06-17,83.52,83.56,81.79,82.65,5993346.0
2016-06-16,82.0,83.33,81.33,83.15,3659282.0
2016-06-15,84.23,84.89,83.09,83.21,5276442.0
2016-06-14,83.89,84.44,82.65,84.34,6807550.0
2016-06-13,82.5,84.45,82.06,84.36,8597409.0
2016-06-10,78.67,83.48,78.65,82.47,10952718.0
2016-06-09,79.39,79.78,78.65,79.01,2411616.0
2016-06-08,78.98,79.71,78.97,79.44,2778405.0
2016-06-07,79.21,79.985,79.0,79.12,2932152.0
2016-06-06,78.68,79.21,78.41,78.66,2621034.0
2016-06-03,79.14,79.14,78.16,78.68,2488399.0
2016-06-02,78.2,79.5,78.025,79.1,4018577.0
2016-06-01,77.42,78.22,77.22,78.1,3916700.0
2016-05-31,76.94,77.59,76.65,77.4,5007493.0
2016-05-27,77.09,77.33,76.55,77.0,3003682.0
2016-05-26,77.46,77.53,76.74,76.78,3719578.0
2016-05-25,77.31,77.92,77.2,77.63,4090900.0
2016-05-24,76.72,77.65,76.71,77.15,4689505.0
2016-05-23,77.02,77.26,76.4,76.53,3624658.0
2016-05-20,76.34,77.53,76.3,77.22,6201618.0
2016-05-19,76.02,76.98,75.735,76.21,3014951.0
2016-05-18,76.49,77.02,75.85,76.54,5884846.0
2016-05-17,77.69,77.99,76.47,76.48,7683309.0
2016-05-16,78.41,79.23,78.01,78.87,5209229.0
2016-05-13,79.59,80.04,78.55,78.61,4062829.0
2016-05-12,80.37,80.57,79.68,79.87,3066850.0
2016-05-11,80.95,80.95,79.425,80.23,5918029.0
2016-05-10,80.97,81.25,80.65,80.92,3197490.0
2016-05-09,79.5,81.305,79.4,80.89,6226850.0
2016-05-06,79.0,79.5,78.24,79.43,11411582.0
2016-05-05,81.34,81.8,81.01,81.46,2531034.0
2016-05-04,81.04,81.725,80.84,81.49,3480723.0
2016-05-03,79.86,81.92,79.66,81.46,5294031.0
2016-05-02,79.1,80.79,79.02,80.56,3250295.0
2016-04-29,79.58,79.76,78.28,79.28,5421171.0
2016-04-28,81.11,81.38,80.16,80.345,2876939.0
2016-04-27,81.47,81.97,81.05,81.56,3584176.0
2016-04-26,80.82,81.4,80.3701,81.31,3400854.0
2016-04-25,80.02,80.4,79.71,80.39,2961687.0
2016-04-22,80.54,81.11,79.72,80.14,3764041.0
2016-04-21,81.05,81.49,80.52,80.56,3222036.0
2016-04-20,82.09,82.18,81.07,81.13,3067059.0
2016-04-19,81.27,81.96,80.7,81.84,5385711.0
2016-04-18,81.18,81.47,80.86,81.25,4129156.0
2016-04-15,81.77,81.83,81.12,81.44,3245253.0
2016-04-14,80.99,81.36,80.755,81.26,4038885.0
2016-04-13,81.95,82.0,80.82,81.08,5257250.0
2016-04-12,81.26,81.7,80.905,81.31,3624049.0
2016-04-11,81.72,82.14,81.015,81.15,3099899.0
2016-04-08,81.56,82.06,81.18,81.37,4172098.0
2016-04-07,83.38,83.54,81.2,81.3,5653162.0
2016-04-06,83.34,85.1,83.12,83.69,8017035.0
2016-04-05,85.77,86.0,82.55,83.36,9434206.0
2016-04-04,86.64,86.79,84.82,86.31,5114558.0
2016-04-01,84.24,86.84,84.02,86.7,6502507.0
2016-03-31,83.83,84.47,83.7,84.24,3820377.0
2016-03-30,83.5,83.8595,83.03,83.63,2811276.0
2016-03-29,82.92,83.06,81.9419,83.02,2819755.0
2016-03-28,82.33,83.22,82.06,82.79,1737975.0
2016-03-24,82.24,82.34,81.72,82.33,1946972.0
2016-03-23,82.82,83.05,82.08,82.34,2114083.0
2016-03-22,83.16,83.335,82.26,82.8,2787412.0
2016-03-21,83.86,84.0553,83.49,83.55,2602083.0
2016-03-18,83.76,84.58,83.06,83.94,9460311.0
2016-03-17,81.41,83.44,81.41,83.3,3833618.0
2016-03-16,81.21,82.22,80.94,82.1,3235866.0
2016-03-15,80.91,81.82,80.9,81.32,1974838.0
2016-03-14,81.12,81.86,81.0,81.52,1874276.0
2016-03-11,81.44,81.58,80.82,81.41,2545602.0
2016-03-10,81.6,81.847,79.47,80.66,3582172.0
2016-03-09,80.94,83.1,80.63,81.6,5018378.0
2016-03-08,78.94,81.45,78.71,80.39,3927727.0
2016-03-07,78.88,80.03,78.61,79.15,3588454.0
2016-03-04,80.0,80.09,79.04,79.45,2118954.0
2016-03-03,79.36,79.975,78.33,79.92,2542703.0
2016-03-02,80.3,80.4869,78.63,79.46,4137664.0
2016-03-01,79.92,80.55,79.52,80.35,4244448.0
2016-02-29,79.35,79.93,78.79,78.94,3231341.0
2016-02-26,80.0,80.05,78.87,79.57,4507330.0
2016-02-25,79.48,79.94,78.56,79.92,3355783.0
2016-02-24,78.05,79.43,77.91,79.43,3593852.0
2016-02-23,78.47,78.94,77.695,78.73,3835688.0
2016-02-22,78.4,78.88,77.75,78.8,3348878.0
2016-02-19,76.44,77.59,75.95,77.57,4079248.0
2016-02-18,77.5,77.99,76.44,76.55,4059932.0
2016-02-17,77.19,78.24,76.63,78.16,4256222.0
2016-02-16,78.2,78.2,76.17,76.55,4814972.0
2016-02-12,76.59,77.11,75.84,77.08,4213487.0
2016-02-11,74.85,76.116,73.88,75.53,5069260.0
2016-02-10,75.66,77.505,75.0,76.01,4141462.0
2016-02-09,72.55,75.69,72.14,74.93,7227357.0
2016-02-08,74.18,74.18,71.5,72.91,8962588.0
2016-02-05,76.59,77.39,74.79,75.2,6224201.0
2016-02-04,76.76,77.327,75.11,77.19,5420906.0
2016-02-03,78.43,78.7,76.05,76.81,4465353.0
2016-02-02,79.09,79.29,77.71,78.0,4313176.0
2016-02-01,78.89,80.71,78.32,80.07,4964054.0
2016-01-29,78.58,79.74,77.14,79.72,4906839.0
2016-01-28,78.85,78.9299,76.62,77.61,4436198.0
2016-01-27,79.98,80.46,77.97,78.45,3473999.0
2016-01-26,78.8,79.8,78.8,79.44,3559399.0
2016-01-25,80.62,80.94,78.56,78.71,3405804.0
2016-01-22,80.63,81.09,79.61,80.84,3449158.0
2016-01-21,79.45,79.921,78.53,78.98,4449293.0
2016-01-20,79.2,80.22,77.0,79.45,5386636.0
2016-01-19,80.92,81.64,79.86,80.7,6292106.0
2016-01-15,79.48,80.75,78.95,79.93,7606711.0
2016-01-14,80.0,82.7399,79.78,81.87,5895150.0
2016-01-13,81.83,82.1925,79.62,79.93,5080484.0
2016-01-12,81.58,81.98,80.81,81.82,4143791.0
2016-01-11,81.77,82.35,79.86,81.02,5354945.0
2016-01-08,81.88,83.0,80.92,81.05,9767884.0
2016-01-07,82.4,82.4,79.03,81.17,11361954.0
2016-01-06,80.54,81.26,79.43,79.63,11659237.0
2016-01-05,82.79,83.08,80.83,80.87,7603141.0
2016-01-04,83.7,83.77,82.12,83.05,6347625.0
2015-12-31,85.92,86.04,84.78,85.155,2528739.0
2015-12-30,86.82,87.0,86.34,86.39,2184620.0
2015-12-29,86.41,87.05,86.22,86.82,3570549.0
2015-12-28,85.99,86.405,85.42,85.84,2133441.0
2015-12-24,86.36,86.95,85.93,86.46,1366994.0
2015-12-23,86.31,86.5,85.71,86.05,3559111.0
2015-12-22,85.01,86.34,84.23,86.01,4993105.0
2015-12-21,83.01,85.02,82.7103,84.89,4895823.0
2015-12-18,82.73,83.44,82.14,82.51,8529876.0
2015-12-17,85.11,85.32,83.29,83.34,3797594.0
2015-12-16,82.93,84.96,82.46,84.71,4816421.0
2015-12-15,83.4,83.96,82.04,82.11,4488949.0
2015-12-14,81.8,82.89,81.15,82.56,4180727.0
2015-12-11,82.08,82.89,81.03,81.71,4209063.0
2015-12-10,83.43,84.02,82.75,83.42,2692669.0
2015-12-09,83.05,84.0,82.36,83.34,4238554.0
2015-12-08,84.26,84.89,83.44,83.66,5106051.0
2015-12-07,84.46,85.13,83.93,84.87,5867049.0
2015-12-04,82.02,84.73,82.0,84.62,4702652.0
2015-12-03,83.59,84.19,81.75,81.94,4316056.0
2015-12-02,84.04,84.1033,83.03,83.31,2771744.0
2015-12-01,84.43,84.69,83.36,83.99,2978776.0
2015-11-30,84.1,84.52,83.77,84.03,3861751.0
2015-11-27,83.46,85.2,83.46,84.18,2346595.0
2015-11-25,82.93,84.0,82.9,83.4,2085297.0
2015-11-24,81.13,83.12,80.6,82.93,5154637.0
2015-11-23,81.62,82.4,80.6,81.91,4275877.0
2015-11-20,83.53,83.53,81.65,81.83,5851083.0
2015-11-19,84.55,84.73,81.85,82.83,4455981.0
2015-11-18,82.97,84.82,82.76,84.58,4606415.0
2015-11-17,82.16,83.74,82.02,82.97,4723404.0
2015-11-16,79.0,82.09,78.9,81.84,5944806.0
2015-11-13,80.18,80.85,79.04,79.17,5702323.0
2015-11-12,81.67,81.935,80.15,80.4,5764534.0
2015-11-11,83.71,83.8599,81.7,81.82,6035103.0
2015-11-10,83.83,84.79,83.26,83.53,4302631.0
2015-11-09,84.27,84.37,82.44,83.48,4450714.0
2015-11-06,85.7,85.92,83.76,84.67,6129119.0
2015-11-05,87.67,87.7,85.64,85.95,3550378.0
2015-11-04,88.36,88.49,86.0601,87.48,5484768.0
2015-11-03,86.44,89.15,86.01,88.23,7044104.0
2015-11-02,84.3,86.65,83.32,86.55,6950336.0
2015-10-30,83.87,84.97,82.51,84.68,8099553.0
2015-10-29,85.36,86.76,83.77,83.88,9903287.0
2015-10-28,92.04,93.0,84.44,84.95,24357537.0
2015-10-27,89.2,95.74,88.96,95.16,13905239.0
2015-10-26,90.13,90.31,89.18,89.48,4140015.0
2015-10-23,89.5,90.16,87.84,89.96,4706553.0
2015-10-22,87.88,89.26,87.85,88.63,4298237.0
2015-10-21,89.09,89.19,87.73,88.04,3511160.0
2015-10-20,88.46,89.56,88.385,88.74,2705377.0
2015-10-19,87.82,88.55,87.77,88.46,3714036.0
2015-10-16,87.77,88.2,86.71,88.14,3714330.0
2015-10-15,84.76,87.32,84.37,87.26,3450938.0
2015-10-14,85.02,85.4,83.455,84.03,3548860.0
2015-10-13,85.67,86.44,84.97,85.14,2868296.0
2015-10-12,85.19,86.25,85.12,86.21,2100150.0
2015-10-09,84.27,85.53,83.75,85.37,3568404.0
2015-10-08,84.12,85.6,83.55,84.28,3313860.0
2015-10-07,84.9,85.0,83.34,84.44,3504532.0
2015-10-06,87.08,87.87,83.6356,84.1,5770817.0
2015-10-05,87.72,88.52,87.11,87.96,5143549.0
2015-10-02,83.32,87.16,82.72,87.11,4629791.0
2015-10-01,83.57,84.77,82.6,84.63,4312673.0
2015-09-30,82.82,83.28,81.99,83.1,3759335.0
2015-09-29,82.75,83.85,81.45,82.06,4483004.0
2015-09-28,85.03,85.45,81.96,82.63,4817839.0
2015-09-25,87.13,87.82,84.81,85.32,5285927.0
2015-09-24,86.52,86.829,85.03,85.75,4286472.0
2015-09-23,89.34,89.34,86.52,87.44,2398797.0
2015-09-22,86.68,87.71,85.98,86.71,3878744.0
2015-09-21,87.08,88.44,87.02,88.25,3945706.0
2015-09-18,88.73,88.77,86.2,86.49,10781974.0
2015-09-17,91.1,91.1,89.24,89.68,3663552.0
2015-09-16,90.9,91.03,90.28,90.91,2540303.0
2015-09-15,90.45,91.24,89.415,90.92,2711456.0
2015-09-14,90.66,90.76,89.9,90.17,3022994.0
2015-09-11,89.01,90.46,88.75,90.4,3286156.0
2015-09-10,88.52,90.13,88.52,89.38,3991582.0
2015-09-09,92.07,92.07,88.69,88.94,3722740.0
2015-09-08,88.67,90.17,88.45,90.09,3968962.0
2015-09-04,87.01,88.0,86.43,87.43,5468911.0
2015-09-03,88.35,89.24,87.93,88.26,4024170.0
2015-09-02,86.98,88.06,85.92,87.83,5054023.0
2015-09-01,84.34,87.13,84.195,86.04,7100886.0
2015-08-31,86.9,87.13,85.94,86.55,3530679.0
2015-08-28,87.27,88.05,86.4,87.42,3940281.0
2015-08-27,86.28,88.3,85.92,87.85,5569933.0
2015-08-26,83.68,85.59,81.08,85.41,7096366.0
2015-08-25,84.02,86.99,80.86,81.0,10711304.0
2015-08-24,81.89,84.95,76.0075,82.27,10616213.0
2015-08-21,88.63,88.95,85.52,85.61,8084035.0
2015-08-20,90.22,91.16,89.72,89.77,3406056.0
2015-08-19,91.25,92.27,90.79,91.41,3146648.0
2015-08-18,92.55,92.7,91.53,91.94,3410255.0
2015-08-17,91.69,92.74,91.34,92.7,1876735.0
2015-08-14,92.28,92.91,91.81,92.1,2829927.0
2015-08-13,93.44,93.66,92.33,92.54,3480704.0
2015-08-12,92.34,93.71,91.64,93.36,3563906.0
2015-08-11,93.38,94.1,92.41,92.95,2998023.0
2015-08-10,94.21,94.44,93.58,93.95,2420879.0
2015-08-07,94.71,94.71,92.05,93.28,4222237.0
2015-08-06,96.67,96.885,93.65,93.73,3439546.0
2015-08-05,97.03,97.3,96.29,96.68,2504142.0
2015-08-04,96.1,96.11,94.8,95.67,2978235.0
2015-08-03,96.12,96.3,95.06,95.91,2269259.0
2015-07-31,96.65,96.97,95.92,96.63,2892782.0
2015-07-30,96.3,97.03,96.11,96.54,2348717.0
2015-07-29,95.64,97.27,95.58,96.58,3829103.0
2015-07-28,94.76,96.51,94.4,96.22,3470768.0
2015-07-27,94.86,95.439,93.71,94.38,2589343.0
2015-07-24,95.61,95.93,94.8771,95.11,2300895.0
2015-07-23,96.86,96.87,95.2,95.48,2064694.0
2015-07-22,96.73,97.02,96.09,96.64,3641924.0
2015-07-21,95.56,95.85,94.96,95.66,2135521.0
2015-07-20,95.23,95.91,94.68,95.65,2338330.0
2015-07-17,95.66,96.02,95.12,95.75,2465198.0
2015-07-16,94.95,96.22,94.39,96.09,6650953.0
2015-07-15,94.33,94.68,93.47,93.95,3213741.0
2015-07-14,94.76,94.8,94.03,94.33,2968986.0
2015-07-13,93.81,94.9,93.01,94.48,5749650.0
2015-07-10,91.76,93.79,91.3,93.11,7640529.0
2015-07-09,90.0,90.24,88.0,89.55,10379388.0
2015-07-08,86.71,86.99,85.4149,85.91,4139398.0
2015-07-07,85.61,87.61,85.45,87.25,4780629.0
2015-07-06,84.93,85.85,84.73,85.39,3238309.0
2015-07-02,86.09,86.28,85.64,85.81,2811741.0
2015-07-01,85.08,85.86,84.85,85.77,2834910.0
2015-06-30,85.19,85.44,84.356,84.44,3778828.0
2015-06-29,86.01,86.16,84.26,84.28,2796999.0
2015-06-26,86.8,87.09,86.07,86.77,14432234.0
2015-06-25,86.12,86.97,85.95,86.36,2640536.0
2015-06-24,86.86,86.95,85.81,86.15,2427639.0
2015-06-23,87.94,87.96,86.83,87.09,2515744.0
2015-06-22,88.88,89.24,87.62,87.75,2879179.0
2015-06-19,87.82,89.38,87.64,88.52,6381937.0
2015-06-18,85.91,88.21,85.89,87.8,3484311.0
2015-06-17,85.99,86.06,85.15,85.62,2881796.0
2015-06-16,84.44,85.94,84.25,85.88,2605805.0
2015-06-15,84.68,84.95,83.89,84.42,2631398.0
2015-06-12,85.51,85.7,84.92,85.06,3024225.0
2015-06-11,85.67,86.2,85.5,85.79,3018902.0
2015-06-10,84.53,85.81,84.37,85.49,3197752.0
2015-06-09,83.6,84.62,83.3,84.17,2998542.0
2015-06-08,83.73,84.11,82.92,83.26,2580228.0
2015-06-05,85.04,85.61,83.81,83.89,2910516.0
2015-06-04,86.11,86.37,84.72,85.25,3976236.0
2015-06-03,86.37,87.11,85.67,85.82,3596144.0
2015-06-02,86.31,86.94,85.77,86.33,2777042.0
2015-06-01,86.17,86.338,84.7,85.98,1965861.0
2015-05-29,85.85,86.8999,85.53,85.84,2980452.0
2015-05-28,86.34,86.74,85.53,86.05,1648547.0
2015-05-27,85.62,86.8201,85.485,86.18,2166211.0
2015-05-26,86.56,86.71,84.85,85.55,3758078.0
2015-05-22,86.71,86.99,86.06,86.45,2297834.0
2015-05-21,84.75,87.18,84.5101,87.14,3447357.0
2015-05-20,85.95,85.95,84.66,84.89,2131438.0
2015-05-19,86.07,86.3799,85.53,85.84,2297533.0
2015-05-18,86.1,86.67,85.66,86.36,2455699.0
2015-05-15,85.77,86.565,85.5,86.47,3569655.0
2015-05-14,84.85,85.41,84.36,85.35,2430640.0
2015-05-13,84.24,84.99,83.69,84.07,2048418.0
2015-05-12,83.78,84.91,83.29,84.18,2452765.0
2015-05-11,85.13,85.46,84.2,84.25,2609163.0
2015-05-08,84.93,85.55,84.58,85.02,2258182.0
2015-05-07,83.09,85.23,82.804,84.23,4405486.0
2015-05-06,83.22,83.74,82.7,83.1,2418143.0
2015-05-05,84.01,84.27,82.87,83.14,3073975.0
2015-05-04,83.88,84.7,83.45,84.13,2410120.0
2015-05-01,82.53,83.7,82.53,83.46,2283206.0
2015-04-30,84.0,84.5,82.64,82.93,4750193.0
2015-04-29,85.34,85.84,84.24,84.57,3224450.0
2015-04-28,85.84,86.16,85.42,86.08,2367006.0
2015-04-27,86.69,86.69,85.63,86.12,4110226.0
2015-04-24,87.16,87.2,85.83,85.98,4104098.0
2015-04-23,86.89,87.27,86.24,86.69,2942187.0
2015-04-22,87.04,87.21,86.6001,87.02,3485234.0
2015-04-21,87.28,88.25,86.914,87.09,5183805.0
2015-04-20,87.51,88.22,86.87,87.12,9361073.0
2015-04-17,88.46,89.59,85.86,86.96,15435452.0
2015-04-16,90.94,91.29,89.07,89.52,7907099.0
2015-04-15,92.0,92.66,91.25,91.54,5754515.0
2015-04-14,91.4,92.57,91.089,91.98,2791556.0
2015-04-13,91.72,92.74,91.3,91.71,4520513.0
2015-04-10,92.14,92.5,90.2501,92.02,5978565.0
2015-04-09,89.5,93.42,89.4,92.62,11357081.0
2015-04-08,87.04,88.43,86.89,87.68,5501444.0
2015-04-07,87.6,88.25,87.11,87.28,3906974.0
2015-04-06,85.26,88.1,85.24,88.01,6058163.0
2015-04-02,84.41,86.11,84.12,85.97,2955231.0
2015-04-01,84.72,84.9,83.6643,84.26,4926242.0
2015-03-31,85.69,86.06,84.67,84.68,3563605.0
2015-03-30,85.47,86.22,84.52,85.99,4232192.0
2015-03-27,84.47,85.7418,84.0,85.29,3649520.0
2015-03-26,84.51,85.88,84.36,84.44,5391449.0
2015-03-25,87.81,88.2,85.47,85.88,4646429.0
2015-03-24,88.0,88.58,87.38,88.0,3648222.0
2015-03-23,88.22,88.64,87.65,87.92,8720139.0
2015-03-20,87.48,88.81,87.42,88.23,33856235.0
2015-03-19,86.98,87.98,86.77,87.36,5781794.0
2015-03-18,86.14,87.49,85.48,87.18,6296118.0
2015-03-17,86.51,86.63,85.8304,86.26,5437896.0
2015-03-16,85.01,86.89,85.0,86.77,9500366.0
2015-03-13,84.25,84.33,83.29,83.72,3643562.0
2015-03-12,83.13,84.4,82.78,84.25,4964274.0
2015-03-11,82.39,83.09,81.01,82.51,3291836.0
2015-03-10,82.7,83.28,82.32,82.72,5490163.0
2015-03-09,82.19,83.55,82.12,83.5,3257548.0
2015-03-06,82.58,83.55,82.06,82.35,4714831.0
2015-03-05,83.45,83.6,82.89,83.2,3223623.0
2015-03-04,82.79,83.26,82.3,83.02,3890465.0
2015-03-03,83.43,83.43,82.58,83.21,5729878.0
2015-03-02,83.24,84.0499,82.6,83.62,6659660.0
2015-02-27,81.28,83.77,81.07,83.08,8902525.0
2015-02-26,79.9,81.83,79.64,81.65,6623566.0
2015-02-25,80.25,80.41,79.64,80.01,3085015.0
2015-02-24,78.33,80.79,78.24,80.39,6366249.0
2015-02-23,77.37,78.8734,77.28,78.59,6041311.0
2015-02-20,77.09,77.22,76.36,77.13,3391520.0
2015-02-19,77.79,78.33,77.015,77.1,2459360.0
2015-02-18,77.59,77.93,77.04,77.79,3153179.0
2015-02-17,78.38,78.5,77.87,78.0,3100389.0
2015-02-13,79.65,79.89,78.57,78.73,3293788.0
2015-02-12,79.17,80.62,78.94,79.96,5921879.0
2015-02-11,76.8,79.94,76.71,79.53,7647935.0
2015-02-10,76.31,76.73,75.635,76.69,4233352.0
2015-02-09,75.64,76.47,75.62,76.4,3154347.0
2015-02-06,74.81,76.75,74.43,76.15,4493310.0
2015-02-05,74.94,75.095,74.48,74.79,4071552.0
2015-02-04,75.25,75.54,74.21,74.67,3381679.0
2015-02-03,75.12,75.24,74.31,74.79,2896226.0
2015-02-02,73.06,74.98,73.0,74.89,4247395.0
2015-01-30,73.52,74.485,73.43,73.75,6716423.0
2015-01-29,74.4,74.575,73.16,74.57,3930936.0
2015-01-28,75.55,75.55,73.59,73.77,4027727.0
2015-01-27,75.11,75.82,74.79,74.93,2795703.0
2015-01-26,75.76,76.1,75.38,75.84,2650373.0
2015-01-23,75.95,75.95,75.2,75.59,3270018.0
2015-01-22,75.97,76.21,75.13,76.02,3560237.0
2015-01-21,75.52,76.45,75.06,75.59,2549701.0
2015-01-20,76.08,76.49,75.31,76.05,2744470.0
2015-01-16,74.47,76.12,74.4,76.03,4881908.0
2015-01-15,75.92,76.1,74.61,74.78,3574971.0
2015-01-14,74.94,75.42,74.26,74.99,3263201.0
2015-01-13,75.2,76.29,74.11,75.26,5173169.0
2015-01-12,75.8,76.19,74.84,75.7,2910663.0
2015-01-09,77.31,77.54,75.61,75.67,3607767.0
2015-01-08,77.3,77.94,76.86,77.55,4087169.0
2015-01-07,75.05,76.69,74.96,76.6,5672058.0
2015-01-06,75.97,76.0,73.94,74.69,4882715.0
2015-01-05,75.08,75.9,74.27,74.5,4771744.0
2015-01-02,76.11,77.19,75.09,76.0,3938482.0
2014-12-31,76.49,76.74,75.01,76.2,3083697.0
2014-12-30,76.54,76.9025,76.02,76.05,2800749.0
2014-12-29,76.11,77.23,75.94,76.79,3425478.0
2014-12-26,76.98,77.16,76.38,76.46,2365828.0
2014-12-24,77.17,77.98,76.64,76.67,3661755.0
2014-12-23,75.1,77.22,73.6,76.51,10250623.0
2014-12-22,73.13,74.315,73.03,74.27,5466344.0
2014-12-19,73.95,74.5,73.05,73.23,9320798.0
2014-12-18,72.57,74.38,72.54,74.38,5921725.0
2014-12-17,72.43,73.15,71.4601,71.99,7129096.0
2014-12-16,73.32,73.78,72.35,72.39,8592724.0
2014-12-15,74.93,75.08,72.98,73.44,11810018.0
2014-12-12,72.42,75.14,72.3,74.5,13503750.0
2014-12-11,69.98,73.01,69.85,73.01,15149265.0
2014-12-10,68.76,69.14,68.09,68.15,5991044.0
2014-12-09,66.86,68.67,66.76,68.59,5001628.0
2014-12-08,68.58,68.749,67.64,67.73,4040848.0
2014-12-05,67.85,68.72,67.64,68.6,3242308.0
2014-12-04,67.31,68.0,66.83,67.9,4001915.0
2014-12-03,67.0,67.79,67.0,67.38,3426778.0
2014-12-02,67.89,68.22,66.455,66.75,5975613.0
2014-12-01,68.29,68.4,67.36,67.77,3806902.0
2014-11-28,68.8,69.37,68.46,68.61,2670044.0
2014-11-26,67.61,68.53,67.61,68.47,2981602.0
2014-11-25,67.92,68.31,67.58,67.81,4634250.0
2014-11-24,67.61,68.09,67.32,67.73,3823803.0
2014-11-21,68.21,68.32,67.49,67.59,3998551.0
2014-11-20,67.62,68.17,67.09,67.34,3215694.0
2014-11-19,67.91,68.01,67.38,67.79,3534011.0
2014-11-18,66.64,68.63,66.42,68.06,5489144.0
2014-11-17,66.9,67.0,66.1,66.55,4678930.0
2014-11-14,66.8,67.1,66.67,66.93,3135205.0
2014-11-13,67.38,67.56,66.56,66.96,4206526.0
2014-11-12,67.33,67.61,66.68,67.44,3743770.0
2014-11-11,67.79,68.11,67.12,67.5,3851692.0
2014-11-10,66.8,68.18,66.8,67.78,5954143.0
2014-11-07,66.7,67.04,66.1,66.92,4773783.0
2014-11-06,65.66,66.73,65.54,66.65,5114739.0
2014-11-05,65.84,65.98,65.12,65.66,4810467.0
2014-11-04,65.12,65.35,64.66,65.24,4208339.0
2014-11-03,64.32,65.39,64.03,64.98,4865436.0
2014-10-31,63.47,64.36,63.4656,64.22,5531307.0
2014-10-30,67.33,67.61,66.68,67.44,5036941.0
2014-10-29,63.67,63.87,62.46,62.83,3324121.0
2014-10-28,63.46,63.73,62.8875,63.7,3396246.0
2014-10-27,62.58,63.19,62.2,63.11,3628150.0
2014-10-24,62.12,62.91,61.59,62.65,4331755.0
2014-10-23,62.23,62.55,61.88,62.07,3964818.0
2014-10-22,61.15,62.39,61.15,61.5,5314321.0
2014-10-21,60.37,61.9,59.95,61.55,7461884.0
2014-10-20,60.33,60.78,60.14,60.2,7017580.0
2014-10-17,60.7,60.832,59.76,60.27,8116081.0
2014-10-16,59.79,60.9201,59.29,60.39,6557982.0
2014-10-15,60.19,61.23,59.1401,60.95,8038074.0
2014-10-14,60.74,61.4,59.91,60.69,8488829.0
2014-10-13,62.8,62.8,60.6,60.69,6631184.0
2014-10-10,61.54,63.55,61.37,62.99,10003030.0
2014-10-09,61.48,62.38,61.12,61.55,7798307.0
2014-10-08,60.09,61.52,59.95,61.46,4981355.0
2014-10-07,60.18,60.65,59.76,59.84,4381248.0
2014-10-06,61.04,61.09,60.462,60.65,4794159.0
2014-10-03,60.51,61.67,60.2,60.77,8765320.0
2014-10-02,59.02,59.91,58.52,59.76,5308526.0
2014-10-01,59.58,59.84,58.63,59.04,6021276.0
2014-09-30,60.39,61.34,58.39,59.27,11411490.0
2014-09-29,60.0,60.17,59.26,59.6,8867066.0
2014-09-26,60.5,60.7,59.96,60.18,7470025.0
2014-09-25,61.41,61.55,60.46,60.49,5290191.0
2014-09-24,61.23,61.85,61.13,61.52,7303315.0
2014-09-23,60.29,61.71,60.1201,61.1,9194073.0
2014-09-22,62.13,62.13,59.95,60.42,11083327.0
2014-09-19,63.56,63.78,62.84,62.88,5705200.0
2014-09-18,63.48,63.68,62.89,63.18,5643000.0
2014-09-17,63.63,64.27,63.33,63.73,4767700.0
2014-09-16,62.64,64.05,62.43,63.64,4268800.0
2014-09-15,63.07,63.08,62.32,62.72,3711200.0
2014-09-12,63.46,63.67,62.56,62.82,4728400.0
2014-09-11,63.23,63.48,62.87,63.44,3143100.0
2014-09-10,62.69,63.57,62.56,63.32,5923300.0
2014-09-09,63.24,63.74,62.41,62.61,7663400.0
2014-09-08,64.31,65.19,62.83,62.96,8897600.0
2014-09-05,62.29,65.0,61.9,63.95,20600400.0
2014-09-04,60.27,62.5,60.08,62.46,16255500.0
2014-09-03,59.92,60.43,59.82,60.22,5032700.0
2014-09-02,60.23,60.74,59.99,60.01,5430800.0
2014-08-29,60.58,60.87,60.26,60.52,3189200.0
2014-08-28,60.29,60.64,60.23,60.47,3548100.0
2014-08-27,60.97,61.18,60.43,60.53,3908000.0
2014-08-26,59.92,60.43,59.82,60.22,4090000.0
2014-08-25,61.34,61.34,60.67,60.79,5238300.0
2014-08-22,61.14,61.58,60.86,61.05,6176100.0
2014-08-21,62.11,62.11,61.03,61.07,7879100.0
2014-08-20,61.99,62.3,61.79,62.0,6664100.0
2014-08-19,62.0,62.47,61.7418,62.15,6918100.0
2014-08-18,62.37,62.39,61.65,62.07,7346500.0
2014-08-15,62.45,62.49,61.48,61.75,8870800.0
2014-08-14,62.51,62.84,62.09,62.25,6360500.0
2014-08-13,62.54,62.84,62.1162,62.45,6934900.0
2014-08-12,62.15,62.28,61.33,62.16,12393200.0
2014-08-11,61.7,62.17,61.34,61.99,10249300.0
2014-08-08,61.04,62.5574,60.67,60.7,26909900.0
2014-08-07,60.62,61.18,58.93,60.87,33620800.0
2014-08-06,57.98,61.5,57.75,59.21,84130100.0
2014-08-05,71.9,72.76,66.5,69.12,31355500.0
2014-08-04,71.03,72.91,70.95,72.11,8935900.0
2014-08-01,68.0,70.935,68.0,70.53,8120600.0
2014-07-31,70.42,70.76,68.48,68.77,9358900.0
2014-07-30,70.71,71.02,70.1,70.89,4831100.0
2014-07-29,71.44,71.4899,70.15,70.16,4900000.0
2014-07-28,73.31,73.35,71.39,71.45,5145800.0
2014-07-25,72.88,73.33,72.7,73.29,3367700.0
2014-07-24,73.08,73.75,72.55,73.08,6606500.0
2014-07-23,72.61,72.97,72.36,72.9,7215000.0
2014-07-22,72.39,73.26,72.25,72.86,6258700.0
2014-07-21,71.66,72.09,71.02,71.67,3613200.0
2014-07-18,70.33,72.33,70.24,71.97,6967200.0
2014-07-17,70.33,72.33,70.24,71.97,5152900.0
2014-07-16,71.92,72.41,70.61,71.42,11340300.0
2014-07-15,71.46,71.89,71.01,71.59,5703700.0
2014-07-14,72.04,72.075,71.1,71.49,4172800.0
2014-07-11,71.15,71.76,71.03,71.66,2690000.0
2014-07-10,71.02,71.63,70.6801,71.53,3910600.0
2014-07-09,71.79,72.29,71.52,71.95,5097800.0
2014-07-08,73.14,73.25,71.06,71.12,8850500.0
2014-07-07,73.87,73.96,73.24,73.58,3233200.0
2014-07-03,73.31,74.37,73.23,73.98,4730100.0
2014-07-02,73.76,74.13,72.85,73.04,5240300.0
2014-07-01,74.3,74.33,73.38,73.78,4191900.0
2014-06-30,74.48,74.58,73.98,74.13,4022000.0
2014-06-27,74.19,74.43,73.66,74.1,4082500.0
2014-06-26,73.92,74.42,73.21,74.23,4102900.0
2014-06-25,73.1,74.71,72.91,74.19,8676900.0
2014-06-24,73.1,73.9,71.73,72.48,14048300.0
2014-06-23,75.04,75.28,73.44,73.73,7992000.0
2014-06-20,75.59,75.59,74.45,74.54,6545500.0
2014-06-19,76.21,76.39,75.36,75.39,6472800.0
2014-06-18,74.94,76.17,74.106,76.08,8847900.0
2014-06-17,72.95,73.4,72.43,73.1,2956300.0
2014-06-16,72.9,73.62,72.295,73.29,4831300.0
2014-06-13,72.79,73.56,72.79,73.06,4172300.0
2014-06-12,74.37,74.48,72.37,72.47,7302400.0
2014-06-11,74.5,74.97,74.29,74.67,2687400.0
2014-06-10,74.7,74.99,74.13,74.74,2609800.0
2014-06-09,74.7,75.17,74.5201,74.92,3697100.0
2014-06-06,75.68,75.84,74.75,75.03,4972600.0
2014-06-05,74.17,75.62,72.69,75.6,8565400.0
2014-06-04,71.92,75.16,71.77,74.56,12767700.0
2014-06-03,71.86,71.94,71.48,71.56,3647300.0
2014-06-02,71.61,72.46,71.22,72.01,4270200.0
2014-05-30,70.84,71.97,70.75,71.91,4645800.0
2014-05-29,70.07,71.475,69.91,71.11,4405300.0
2014-05-28,70.02,70.55,69.79,69.81,2888500.0
2014-05-27,69.98,70.63,69.861,70.24,3800500.0
2014-05-23,69.87,70.4,69.74,69.79,4880200.0
2014-05-22,68.82,69.91,68.25,69.83,9353200.0
2014-05-21,69.12,69.39,68.66,68.85,2177500.0
2014-05-20,69.16,69.5,68.69,68.88,3526000.0
2014-05-19,67.92,70.43,67.91,69.54,8322600.0
2014-05-16,68.0,68.59,67.57,67.77,4726500.0
2014-05-15,68.77,68.77,67.5,68.11,5399500.0
2014-05-14,69.22,69.4,68.4,68.61,3316300.0
2014-05-13,69.63,69.68,68.92,69.57,2993400.0
2014-05-12,69.16,69.665,69.01,69.35,4067900.0
2014-05-09,68.7,68.82,68.02,68.66,5083200.0
2014-05-08,69.35,71.02,68.4,68.69,7113400.0
2014-05-07,69.15,69.97,68.05,69.87,4197900.0
2014-05-06,69.45,69.79,68.74,68.78,3863700.0
2014-05-05,68.7,70.0,68.6,69.85,4172200.0
2014-05-02,69.43,69.7997,68.64,68.86,4238400.0
2014-05-01,68.03,70.07,67.75,69.43,7852200.0
2014-04-30,67.2,67.95,66.37,67.9,5886500.0
2014-04-29,67.74,68.03,66.56,67.32,4017200.0
2014-04-28,67.13,68.12,66.68,67.45,5342700.0
2014-04-25,67.33,67.481,66.31,66.65,5378000.0
2014-04-24,67.52,67.99,66.85,67.42,3454700.0
2014-04-23,67.54,68.31,67.22,67.39,5740900.0
2014-04-22,66.18,68.12,66.05,67.38,7201400.0
2014-04-21,66.36,66.6,65.759,66.13,4814400.0
2014-04-17,65.99,67.11,65.59,66.75,6221200.0
2014-04-16,66.35,66.62,65.76,66.16,5529300.0
2014-04-15,65.66,66.07,64.0,66.01,8273500.0
2014-04-14,65.06,66.23,64.94,65.67,9753100.0
2014-04-11,63.3,64.86,62.8,64.26,8313900.0
2014-04-10,65.99,66.87,63.075,63.4,9934100.0
2014-04-09,63.97,65.9,63.525,65.52,9828900.0
2014-04-08,64.82,65.2,63.26,63.82,7923600.0
2014-04-07,65.95,66.12,64.59,65.1,7521500.0
2014-04-04,67.27,67.67,65.73,66.05,5943200.0
2014-04-03,66.29,67.19,66.01,67.09,5291400.0
2014-04-02,65.62,66.485,65.41,66.35,3936100.0
2014-04-01,65.61,66.18,65.0,65.83,4662400.0
2014-03-31,65.77,66.64,65.49,66.03,4845200.0
2014-03-28,64.48,65.68,64.42,65.36,5210400.0
2014-03-27,64.81,65.18,63.91,64.35,6109400.0
2014-03-26,66.11,66.63,63.9201,64.93,10602600.0
2014-03-25,65.93,68.15,65.56,66.42,12812200.0
2014-03-24,65.14,65.42,63.07,64.31,8469200.0
2014-03-21,66.85,67.03,64.51,64.75,11835200.0
2014-03-20,66.61,66.86,66.21,66.5,3666400.0
2014-03-19,67.17,67.3997,66.335,66.83,6265100.0
2014-03-18,67.25,67.4,66.75,67.2,4698000.0
2014-03-17,67.32,67.81,66.89,67.34,2991100.0
2014-03-14,66.79,67.53,66.68,67.07,4319800.0
2014-03-13,67.16,68.08,66.57,66.93,4709800.0
2014-03-12,67.74,68.67,66.75,66.93,8243000.0
2014-03-11,66.95,67.2,66.27,66.52,3309000.0
2014-03-10,67.0,67.24,66.53,66.78,4176900.0
2014-03-07,66.81,67.66,66.6,67.21,5941500.0
2014-03-06,68.86,68.92,66.64,66.71,6448800.0
2014-03-05,69.18,69.18,67.96,68.48,4498600.0
2014-03-04,68.45,69.45,68.4,69.09,7250700.0
2014-03-03,67.6,68.2,66.41,67.4,7405800.0
2014-02-28,68.16,69.84,67.26,67.95,5563500.0
2014-02-27,66.36,68.5,66.36,68.19,6981200.0
2014-02-26,66.86,67.49,66.02,66.51,5148300.0
2014-02-25,66.53,68.24,65.97,66.95,7113000.0
2014-02-24,66.46,67.25,66.41,66.52,4783800.0
2014-02-21,66.61,66.75,65.78,66.32,3869000.0
2014-02-20,65.49,67.24,65.43,66.55,6331300.0
2014-02-19,64.73,66.03,64.26,65.51,5787200.0
2014-02-18,64.86,65.35,64.25,64.54,7719400.0
2014-02-14,66.09,66.815,64.58,64.78,8241700.0
2014-02-13,64.48,67.16,64.36,66.39,11099700.0
2014-02-12,64.1,67.0,63.23,65.42,24541500.0
2014-02-11,61.02,64.71,61.0,64.2,16109200.0
2014-02-10,60.76,60.93,60.14,60.65,5031200.0
2014-02-07,59.54,60.96,59.395,60.96,9119700.0
2014-02-06,57.98,59.29,57.9,59.22,6594600.0
2014-02-05,55.53,57.93,55.27,57.85,8101600.0
2014-02-04,55.91,56.03,55.3075,55.95,6697700.0
2014-02-03,57.33,57.45,55.355,55.57,10031100.0
2014-01-31,56.6,57.57,56.51,57.35,6977100.0
2014-01-30,56.73,57.74,56.72,57.26,4123300.0
2014-01-29,56.8,57.169,56.42,56.5,5968200.0
2014-01-28,57.36,57.97,57.01,57.02,3785300.0
2014-01-27,57.02,57.78,56.8,57.4,5535800.0
2014-01-24,58.05,58.54,57.23,57.23,6541600.0
2014-01-23,58.38,58.98,58.19,58.35,3679200.0
2014-01-22,59.53,60.39,58.805,58.91,7444700.0
2014-01-21,59.14,59.43,58.23,58.73,4611400.0
2014-01-17,59.75,60.0,59.12,59.16,6007000.0
2014-01-16,59.66,60.02,58.93,59.89,6523100.0
2014-01-15,60.07,60.46,59.44,59.49,6321700.0
2014-01-14,60.28,60.39,59.74,60.0,5759600.0
2014-01-13,60.27,61.185,60.08,60.2,5422000.0
2014-01-10,60.97,61.33,60.0,60.36,7371800.0
2014-01-09,59.39,62.24,59.38,61.14,15062300.0
2014-01-08,57.45,59.432,57.07,59.36,10369000.0
2014-01-07,57.34,58.22,57.29,57.51,5804100.0
2014-01-06,57.16,57.93,56.71,57.14,5842700.0
2014-01-03,56.99,57.06,56.345,56.82,4261500.0
2014-01-02,57.2,57.25,56.52,56.63,5370600.0
2013-12-31,57.89,57.91,57.16,57.44,2949200.0
2013-12-30,57.46,57.85,57.13,57.84,2874300.0
2013-12-27,57.65,58.32,57.31,57.43,4282200.0
2013-12-26,57.7,57.85,57.33,57.67,2487300.0
2013-12-24,57.66,57.9,57.381,57.61,1967800.0
2013-12-23,59.3,59.3,57.26,57.54,6898300.0
2013-12-20,55.45,59.15,54.86,59.04,15021700.0
2013-12-19,57.17,57.23,56.12,56.94,6123700.0
2013-12-18,56.4,57.53,55.87,57.34,5900200.0
2013-12-17,56.93,57.08,56.25,56.25,6521800.0
2013-12-16,57.12,57.48,56.87,56.88,5445800.0
2013-12-13,57.48,57.48,56.68,57.01,4230000.0
2013-12-12,57.56,57.77,56.95,57.55,7672000.0
2013-12-11,56.75,57.975,56.56,57.68,7121300.0
2013-12-10,56.29,57.35,56.06,56.6,6250900.0
2013-12-09,56.76,56.94,56.21,56.66,3884800.0
2013-12-06,56.4,56.8,56.02,56.71,5285700.0
2013-12-05,57.3,57.57,55.92,56.11,9734700.0
2013-12-04,58.6,58.61,57.3,57.57,7922500.0
2013-12-03,58.89,58.91,58.19,58.71,5314600.0
2013-12-02,59.33,59.688,58.7301,59.1,4774700.0
2013-11-29,59.45,59.47,59.01,59.2,3112800.0
2013-11-27,59.8,60.14,59.07,59.21,3971500.0
2013-11-26,60.03,60.1,59.51,59.54,4657400.0
2013-11-25,60.83,60.93,59.82,59.89,3693500.0
2013-11-22,60.17,60.735,60.0,60.5,3738700.0
2013-11-21,59.69,60.5,59.69,60.25,4837300.0
2013-11-20,58.84,59.49,58.77,59.4,5908100.0
2013-11-19,59.37,59.55,58.42,58.59,6592400.0
2013-11-18,60.28,60.37,59.82,60.12,3948500.0
2013-11-15,60.12,60.75,59.78,60.28,5695800.0
2013-11-14,60.11,60.48,59.8,60.12,4031800.0
2013-11-13,59.33,60.63,59.28,60.59,4566600.0
2013-11-12,59.36,59.64,59.14,59.48,4053900.0
2013-11-11,59.77,60.22,59.44,59.45,2507700.0
2013-11-08,59.12,59.75,58.9,59.7,5069400.0
2013-11-07,60.08,60.5,59.01,59.2,4448300.0
2013-11-06,60.54,60.65,59.6,59.84,3893800.0
2013-11-05,60.11,60.77,59.3401,60.3,4166700.0
2013-11-04,60.7,60.87,59.97,60.15,4725900.0
2013-11-01,59.6,60.65,59.6,60.52,5353700.0
2013-10-31,59.12,59.64,58.77,59.24,4718000.0
2013-10-30,59.79,59.87,58.72,59.12,5293500.0
2013-10-29,59.35,59.79,59.25,59.76,5061600.0
2013-10-28,59.54,60.82,59.3,59.41,6836800.0
2013-10-25,59.24,59.24,58.84,59.19,4226200.0
2013-10-24,58.87,59.34,58.74,59.25,3493500.0
2013-10-23,58.71,58.99,58.35,58.79,5165700.0
2013-10-22,58.5,58.98,58.26,58.69,4855500.0
2013-10-21,58.6,58.61,57.89,58.38,4632100.0
2013-10-18,58.83,59.54,58.4,58.59,7385200.0
2013-10-17,57.64,58.77,57.56,58.76,7337300.0
2013-10-16,56.74,57.74,56.65,57.59,4627400.0
2013-10-15,56.74,56.94,56.14,56.3,3767000.0
2013-10-14,55.68,56.76,55.55,56.7,3029600.0
2013-10-11,55.73,56.13,55.48,55.96,5334800.0
2013-10-10,55.5,56.02,55.3,56.0,4775300.0
2013-10-09,55.0,55.3,54.54,55.01,4814200.0
2013-10-08,55.28,55.44,54.83,54.86,9204500.0
2013-10-07,55.32,55.87,55.16,55.19,4047900.0
2013-10-04,55.66,56.01,55.0435,55.79,6139500.0
2013-10-03,56.74,57.4099,55.92,55.96,7540500.0
2013-10-02,55.83,56.54,55.11,56.53,9473400.0
2013-10-01,54.11,56.69,54.11,56.24,13706300.0
2013-09-30,54.27,54.39,53.76,53.8,9628800.0
2013-09-27,54.45,54.87,54.275,54.51,5607900.0
2013-09-26,54.85,55.23,54.55,54.73,5517000.0
2013-09-25,55.35,55.62,54.6701,54.85,9682100.0
2013-09-24,55.92,55.94,55.28,55.39,10603000.0
2013-09-23,56.13,56.84,55.72,56.23,9451000.0
2013-09-20,56.05,56.15,55.385,55.52,5983400.0
2013-09-19,55.76,56.26,55.471,55.99,5785900.0
2013-09-18,54.88,55.73,54.83,55.63,4924100.0
2013-09-17,54.59,55.16,54.4,54.92,4323200.0
2013-09-16,54.0,55.23,53.92,54.78,7025400.0
2013-09-13,53.14,53.48,52.53,53.46,6979000.0
2013-09-12,51.04,53.485,50.88,53.29,13776300.0
2013-09-11,50.69,50.78,50.33,50.75,3484100.0
2013-09-10,50.36,50.67,50.18,50.67,3737400.0
2013-09-09,49.54,50.4025,49.54,50.22,3491500.0
2013-09-06,50.19,50.27,49.02,49.46,5222900.0
2013-09-05,49.97,50.6,49.82,50.19,4737900.0
2013-09-04,48.75,49.625,48.55,49.49,4099600.0
2013-09-03,48.22,48.91,48.18,48.74,4240500.0
2013-08-30,47.7,48.17,47.48,48.07,4323800.0
2013-08-29,46.9,47.92,46.85,47.58,2606100.0
2013-08-28,47.21,47.52,46.75,47.07,5022100.0
2013-08-27,48.49,48.58,47.25,47.25,4421600.0
2013-08-26,48.75,49.3,48.55,48.82,2648700.0
2013-08-23,48.61,48.86,48.365,48.79,2139100.0
2013-08-22,48.5,48.9,48.255,48.59,2015000.0
2013-08-21,48.68,48.91,48.195,48.42,4499600.0
2013-08-20,48.63,49.0,48.3225,48.76,2151800.0
2013-08-19,48.71,49.28,48.51,48.52,2549300.0
2013-08-16,48.86,49.28,48.61,48.84,3429400.0
2013-08-15,50.1,50.2,49.35,49.36,3273500.0
2013-08-14,50.42,50.94,49.8806,50.46,2789100.0
2013-08-13,50.16,50.56,49.87,50.54,2501400.0
2013-08-12,49.4,50.25,49.27,50.19,2902600.0
2013-08-09,49.91,49.91,49.56,49.61,3045300.0
2013-08-08,49.95,50.21,49.67,49.89,3255000.0
2013-08-07,50.11,50.13,49.3,49.69,4787000.0
2013-08-06,50.81,50.985,50.09,50.24,5232100.0
2013-08-05,51.16,51.2,50.67,50.96,2633900.0
2013-08-02,51.07,51.19,50.62,50.98,3452000.0
2013-08-01,50.44,51.26,50.4,51.13,5999500.0
2013-07-31,50.03,50.48,49.56,50.25,5339600.0
2013-07-30,50.91,51.25,49.865,50.01,5119800.0
2013-07-29,50.79,51.0,50.59,50.62,3314800.0
2013-07-26,50.81,51.22,50.42,50.82,4028800.0
2013-07-25,50.89,51.15,50.4,51.01,4509000.0
2013-07-24,51.19,51.25,50.75,51.08,2970000.0
2013-07-23,51.23,51.35,50.9,51.01,3793700.0
2013-07-22,50.85,51.62,50.5,51.26,5396100.0
2013-07-19,50.6,50.755,50.03,50.61,5607300.0
2013-07-18,49.69,51.45,49.62,50.54,12376400.0
2013-07-17,49.53,49.95,49.29,49.73,5092900.0
2013-07-16,49.01,49.55,48.76,49.26,3910000.0
2013-07-15,48.88,49.3,48.66,49.27,4004000.0
2013-07-12,48.68,48.903,48.24,48.76,6444600.0
2013-07-11,48.93,49.47,48.35,48.7,11281400.0
2013-07-10,46.39,48.24,46.06,47.85,16537200.0
2013-07-09,45.54,46.7,45.26,46.45,10629000.0
2013-07-08,44.59,45.37,44.41,45.33,6831100.0
2013-07-05,44.3,44.47,43.67,44.25,4493200.0
2013-07-03,43.97,44.165,43.31,44.12,4391800.0
2013-07-02,44.32,44.505,44.2,44.46,7193000.0
2013-07-01,44.97,45.105,44.22,44.34,6262400.0
2013-06-28,45.1,45.1,44.13,44.2,15231500.0
2013-06-27,45.15,45.17,44.67,44.9,7470400.0
2013-06-26,45.39,45.89,44.96,45.01,12176700.0
2013-06-25,45.17,45.58,44.04,45.22,22560000.0
2013-06-24,48.08,48.68,47.505,48.05,6374400.0
2013-06-21,48.77,49.31,48.23,48.71,5844100.0
2013-06-20,49.97,50.0,48.22,48.34,5533300.0
2013-06-19,50.84,51.22,50.21,50.23,3763000.0
2013-06-18,50.41,51.1,50.16,50.9,3605400.0
2013-06-17,50.36,50.66,49.95,50.38,3441200.0
2013-06-14,49.93,50.79,49.77,50.18,3597900.0
2013-06-13,49.38,50.165,49.23,50.07,2972900.0
2013-06-12,49.75,50.0,49.22,49.34,3328400.0
2013-06-11,49.37,49.85,49.15,49.54,3871100.0
2013-06-10,49.46,49.98,49.35,49.65,3646200.0
2013-06-07,48.68,49.505,48.55,49.42,4596100.0
2013-06-06,48.64,48.97,47.64,48.24,7411900.0
2013-06-05,48.68,49.31,48.58,48.63,6227400.0
2013-06-04,48.27,48.95,47.95,48.03,6093400.0
2013-06-03,47.72,48.53,46.56,48.5,6661600.0
2013-05-31,48.99,49.35,47.75,47.76,5823700.0
2013-05-30,49.5,49.54,48.97,49.01,4565700.0
2013-05-29,49.89,49.92,49.41,49.54,4902100.0
2013-05-28,51.05,51.25,50.1101,50.23,4210400.0
2013-05-24,50.19,50.95,49.9,50.77,5658500.0
2013-05-23,49.89,50.75,49.77,50.4,5214200.0
2013-05-22,50.1,51.2,49.995,50.14,7913700.0
2013-05-21,49.67,50.16,49.56,50.11,5083900.0
2013-05-20,49.55,49.91,49.41,49.75,4463300.0
2013-05-17,48.92,49.65,48.75,49.61,4083200.0
2013-05-16,49.91,49.92,49.02,49.11,5085100.0
2013-05-15,49.22,50.5,49.12,50.03,6172000.0
2013-05-14,48.97,49.92,48.93,49.59,5417700.0
2013-05-13,48.48,49.25,48.4,49.07,3958500.0
2013-05-10,48.06,48.8,48.06,48.72,6411700.0
2013-05-09,49.12,49.2,47.72,47.81,7531100.0
2013-05-08,48.99,49.3625,48.78,49.12,4760800.0
2013-05-07,48.03,49.38,48.0,49.19,6547900.0
2013-05-06,48.09,48.54,47.76,47.84,5244400.0
2013-05-03,48.37,48.49,47.82,48.02,8958900.0
2013-05-02,48.91,49.08,48.62,48.88,5025600.0
2013-05-01,49.51,49.855,48.915,48.94,5658900.0
2013-04-30,49.31,49.54,48.96,49.51,5550100.0
2013-04-29,49.38,49.63,49.06,49.42,3316300.0
2013-04-26,49.6,49.7,49.25,49.27,3417800.0
2013-04-25,49.21,49.96,49.12,49.7,3782000.0
2013-04-24,49.63,50.01,48.98,49.05,5628300.0
2013-04-23,49.94,50.35,49.25,49.62,6499300.0
2013-04-22,49.67,50.1,49.08,49.72,6536700.0
2013-04-19,48.89,49.63,48.84,49.35,6957300.0
2013-04-18,48.61,48.81,48.28,48.71,3805700.0
2013-04-17,48.97,49.24,48.26,48.55,4827000.0
2013-04-16,48.69,49.245,48.66,49.06,5629600.0
2013-04-15,48.65,49.5,48.53,48.62,6876800.0
2013-04-12,48.45,49.02,48.1501,48.77,4794100.0
2013-04-11,48.13,49.14,48.13,48.67,5733100.0
2013-04-10,48.28,48.5,47.85,48.11,5196500.0
2013-04-09,47.72,48.4,47.4401,48.31,6128000.0
2013-04-08,46.78,47.66,46.64,47.66,3848200.0
2013-04-05,46.01,47.11,45.79,47.01,4776200.0
2013-04-04,46.21,46.705,46.19,46.59,4624700.0
2013-04-03,47.91,48.18,46.095,46.3,7343100.0
2013-04-02,47.52,47.87,47.12,47.32,6173400.0
2013-04-01,47.4,47.68,46.89,46.97,5012900.0
2013-03-28,47.33,47.76,47.17,47.68,6147700.0
2013-03-27,47.45,47.54,47.071,47.24,4403800.0
2013-03-26,46.49,47.61,46.37,47.57,8846300.0
2013-03-25,46.43,47.24,46.091,46.19,8230700.0
2013-03-22,45.97,46.49,45.91,46.49,5354500.0
2013-03-21,45.82,46.25,45.66,45.81,6611400.0
2013-03-20,45.25,46.33,45.16,46.02,15550100.0
2013-03-19,43.11,45.8,43.1,44.74,23809500.0
2013-03-18,42.24,42.71,42.13,42.43,2767600.0
2013-03-15,42.51,42.71,42.21,42.58,5242100.0
2013-03-14,42.84,42.95,42.42,42.72,5349200.0
2013-03-13,41.56,42.91,41.56,42.78,11756100.0
2013-03-12,41.18,41.22,40.78,41.04,4970000.0
2013-03-11,40.52,41.35,40.454,41.28,4687000.0
2013-03-08,40.16,40.68,40.15,40.64,5582300.0
2013-03-07,40.02,40.3,39.74,40.13,5752400.0
2013-03-06,40.71,40.74,39.87,39.96,7797400.0
2013-03-05,40.92,41.14,40.1,40.72,12870100.0
2013-03-04,41.17,41.79,40.98,41.77,4534500.0
2013-03-01,40.87,41.34,40.62,41.32,5195300.0
2013-02-28,41.02,41.23,40.67,40.94,6910600.0
2013-02-27,40.72,41.265,40.67,41.17,3297700.0
2013-02-26,40.76,40.99,40.41,40.8,4612200.0
2013-02-25,41.87,41.99,40.61,40.64,5131500.0
2013-02-22,41.67,41.87,41.45,41.81,4309700.0
2013-02-21,41.47,41.74,41.36,41.62,4549400.0
2013-02-20,41.73,41.99,41.6,41.6,4641100.0
2013-02-19,41.31,41.7,41.31,41.7,6687000.0
2013-02-15,41.92,41.97,41.01,41.15,7522500.0
2013-02-14,41.295,42.0,40.965,41.86,9037400.0
2013-02-13,41.6,41.6,40.97,41.48,6288700.0
2013-02-12,41.91,41.95,41.59,41.95,4799300.0
2013-02-11,41.45,41.76,41.16,41.48,6863300.0
2013-02-08,41.24,41.58,41.16,41.4,4127600.0
2013-02-07,41.37,41.52,41.0,41.31,6356900.0
2013-02-06,41.11,41.44,40.83,41.44,8105000.0
2013-02-05,40.38,41.605,40.33,41.33,7892400.0
2013-02-04,40.08,40.33,39.93,40.01,5144700.0
2013-02-01,40.23,40.47,40.11,40.31,5422800.0
2013-01-31,39.83,39.97,39.71,39.96,7298900.0
2013-01-30,40.13,40.17,39.75,39.87,9488300.0
2013-01-29,39.8,40.305,39.71,40.06,7371200.0
2013-01-28,39.73,40.31,39.58,40.1,7509900.0
2013-01-25,39.46,39.81,39.35,39.67,5345700.0
2013-01-24,39.51,39.74,39.295,39.44,4506700.0
2013-01-23,39.41,39.55,39.25,39.52,4604200.0
2013-01-22,39.19,39.5,39.13,39.49,5079900.0
2013-01-18,39.39,39.47,39.0,39.21,5470700.0
2013-01-17,39.46,39.6,39.36,39.36,5046800.0
2013-01-16,39.11,39.6,39.0,39.39,7317900.0
2013-01-15,38.71,39.36,38.71,39.3,4709800.0
2013-01-14,38.99,39.14,38.64,39.04,4124600.0
2013-01-11,38.61,39.205,38.58,39.1,8500900.0
2013-01-10,38.59,38.74,38.29,38.57,6560000.0
2013-01-09,38.11,38.56,37.99,38.45,8713700.0
2013-01-08,38.02,38.22,37.81,38.17,6952300.0
2013-01-07,37.67,38.22,37.43,38.03,10896500.0
2013-01-04,37.5,37.79,37.06,37.18,8324800.0
2013-01-03,37.81,38.04,37.51,37.79,7142300.0
2013-01-02,37.86,38.41,37.75,38.06,10064100.0
2012-12-31,36.4,37.05,36.34,37.01,6439300.0
2012-12-28,36.38,36.93,36.36,36.54,5863400.0
2012-12-27,36.58,36.89,36.155,36.53,5608500.0
2012-12-26,36.47,36.935,36.31,36.66,6414200.0
2012-12-24,36.26,36.54,36.25,36.47,2382700.0
2012-12-21,36.78,36.97,35.77,36.31,15309600.0
2012-12-20,37.45,37.59,37.09,37.55,7907500.0
2012-12-19,37.51,37.75,37.24,37.24,9257800.0
2012-12-18,37.07,37.58,36.94,37.55,8082900.0
2012-12-17,36.87,37.35,36.75,37.14,7247700.0
2012-12-14,36.46,36.87,36.22,36.76,5821200.0
2012-12-13,36.69,36.93,36.37,36.51,8184000.0
2012-12-12,36.78,37.18,36.62,36.67,7890900.0
2012-12-11,36.39,36.87,36.3,36.65,8017400.0
2012-12-10,36.08,36.4,36.05,36.35,6188800.0
2012-12-07,35.9,36.13,35.75,36.1,6025000.0
2012-12-06,35.63,35.99,35.58,35.85,6952000.0
2012-12-05,34.5,35.77,34.5,35.57,11230700.0
2012-12-04,34.28,34.57,34.11,34.27,7172000.0
2012-12-03,33.94,34.39,33.94,34.28,6427900.0
2012-11-30,33.78,34.07,33.75,33.91,6887100.0
2012-11-29,33.38,33.8,33.25,33.75,4867800.0
2012-11-28,32.87,33.425,32.67,33.32,5630400.0
2012-11-27,33.0,33.19,32.764,33.03,4598600.0
2012-11-26,32.94,33.14,32.74,33.07,4600900.0
2012-11-23,32.79,33.17,32.75,33.09,1903300.0
2012-11-21,32.77,32.77,32.5,32.63,4256800.0
2012-11-20,32.71,32.74,32.41,32.72,3682600.0
2012-11-19,32.44,32.65,32.35,32.65,5770600.0
2012-11-16,32.24,32.51,31.88,32.16,5185100.0
2012-11-15,32.13,32.3,31.95,32.23,6172100.0
2012-11-14,32.61,32.72,32.16,32.26,7007700.0
2012-11-13,32.7,33.02,32.54,32.54,5025300.0
2012-11-12,32.78,32.975,32.62,32.76,4174700.0
2012-11-09,32.71,32.9,32.6,32.66,5495200.0
2012-11-08,33.45,33.6,32.76,32.77,5738900.0
2012-11-07,33.7,33.965,33.15,33.44,8344400.0
2012-11-06,34.28,34.29,33.77,33.94,11931000.0
2012-11-05,34.76,34.76,33.95,34.08,10376500.0
2012-11-02,35.63,35.69,34.75,34.89,8843500.0
2012-11-01,35.27,35.62,35.23,35.5,5336300.0
2012-10-31,35.27,35.6,35.15,35.23,5029900.0
2012-10-26,35.37,35.41,35.05,35.19,4444200.0
2012-10-25,35.68,35.7999,35.23,35.33,3974000.0
2012-10-24,35.48,35.69,35.31,35.45,5668400.0
2012-10-23,35.99,36.04,35.325,35.39,5668800.0
2012-10-22,35.66,36.34,35.58,36.33,7747200.0
2012-10-19,36.11,36.13,35.64,35.79,7261000.0
2012-10-18,35.87,36.27,35.81,36.11,7150300.0
2012-10-17,36.49,36.63,35.76,35.83,8356200.0
2012-10-16,36.37,36.57,36.2,36.37,4463800.0
2012-10-15,36.05,36.22,35.77,36.17,4810500.0
2012-10-12,36.19,36.64,35.85,35.94,6295100.0
2012-10-11,35.77,36.18,35.68,36.1,7444100.0
2012-10-10,35.58,35.96,35.51,35.63,5886400.0
2012-10-09,35.96,36.09,35.6,35.6,4273100.0
2012-10-08,36.14,36.24,35.88,35.92,5111400.0
2012-10-05,36.55,36.64,35.91,36.13,7460100.0
2012-10-04,36.5,36.71,36.18,36.37,6591300.0
2012-10-03,36.35,36.9,36.17,36.36,10526900.0
2012-10-02,37.17,37.345,36.58,36.91,5779800.0
2012-10-01,36.48,37.06,36.45,36.95,8782500.0
2012-09-28,36.27,36.9,35.56,36.44,11185400.0
2012-09-27,36.02,36.77,35.91,36.6,8400900.0
2012-09-26,36.24,36.395,35.7799,35.82,5966600.0
2012-09-25,35.9,36.3301,35.74,36.07,9394000.0
2012-09-24,35.15,35.74,35.15,35.67,7073200.0
2012-09-21,35.63,35.63,35.11,35.11,8011500.0
2012-09-20,35.71,35.79,35.26,35.55,6450900.0
2012-09-19,35.7,35.98,35.5999,35.81,7142800.0
2012-09-18,35.59,35.72,35.43,35.66,5818200.0
2012-09-17,36.01,36.01,35.36,35.7,6599700.0
2012-09-14,36.0,36.12,35.7,36.02,7629800.0
2012-09-13,35.38,36.02,35.28,36.02,5766600.0
2012-09-12,35.21,35.49,35.11,35.36,3969600.0
2012-09-11,35.17,35.28,35.03,35.11,4000500.0
2012-09-10,34.92,35.3,34.84,35.14,4373200.0
2012-09-07,35.18,35.32,34.82,34.94,9273100.0
2012-09-06,34.68,35.5,34.63,35.2,13748000.0
2012-09-05,35.68,36.19,35.53,35.88,9373800.0
2012-09-04,35.64,35.86,35.365,35.7,5027500.0
2012-08-31,35.4,35.92,35.37,35.76,6063400.0
2012-08-30,35.16,35.47,35.08,35.21,5162700.0
2012-08-29,35.55,35.62,35.29,35.3,5002200.0
2012-08-28,35.47,35.5,35.34,35.4,5678900.0
2012-08-27,35.66,35.86,35.52,35.6,3579400.0
2012-08-24,35.54,35.87,35.54,35.65,3475400.0
2012-08-23,35.57,35.8,35.52,35.66,4405200.0
2012-08-22,35.66,35.8,35.5,35.55,5737600.0
2012-08-21,36.0,36.0,35.62,35.65,5779800.0
2012-08-20,35.73,36.03,35.71,36.03,3867900.0
2012-08-17,35.82,36.25,35.75,35.84,6665900.0
2012-08-16,35.64,35.6605,35.25,35.52,6380400.0
2012-08-15,35.44,35.85,35.35,35.56,5413700.0
2012-08-14,36.12,36.18,35.62,35.71,5162500.0
2012-08-13,36.09,36.16,35.68,35.97,3767000.0
2012-08-10,35.82,36.21,35.66,36.17,3870500.0
2012-08-09,36.24,36.31,35.98,36.09,4419500.0
2012-08-08,36.03,36.3,35.68,36.24,5981700.0
2012-08-07,35.88,36.19,35.8125,36.03,8321400.0
2012-08-06,35.86,36.315,35.78,35.79,6545200.0
2012-08-03,36.32,36.32,35.24,35.8,12213000.0
2012-08-02,36.09,36.32,35.47,35.75,9577200.0
2012-08-01,36.5,36.85,36.16,36.27,12178800.0
2012-07-31,36.14,36.46,36.07,36.36,9111300.0
2012-07-30,35.75,36.32,35.55,36.27,9134100.0
2012-07-27,35.11,35.92,34.96,35.72,11304900.0
2012-07-26,34.99,35.12,34.8,34.97,10021700.0
2012-07-25,34.23,34.96,34.16,34.65,14505700.0
2012-07-24,33.97,34.15,33.86,34.11,16297900.0
2012-07-23,33.91,34.27,33.6,33.92,12241100.0
2012-07-20,34.47,34.6,34.1,34.6,16941600.0
2012-07-19,34.2,35.0,34.0,34.62,56225400.0
2012-07-18,30.6,31.21,30.6,30.97,8395100.0
2012-07-17,30.51,30.82,30.4,30.7,6600100.0
2012-07-16,30.54,30.575,30.27,30.5,5127600.0
2012-07-13,30.17,30.65,30.11,30.58,6761000.0
2012-07-12,29.82,30.23,29.82,30.1,9469200.0
2012-07-11,29.93,30.225,29.68,29.94,9287800.0
2012-07-10,29.73,29.95,29.68,29.92,8705000.0
2012-07-09,29.66,29.76,29.35,29.7,5782700.0
2012-07-06,29.64,29.76,29.41,29.62,7801000.0
2012-07-05,29.38,30.03,29.35,29.87,9739500.0
2012-07-03,29.75,29.99,29.57,29.61,3943400.0
2012-07-02,29.69,29.87,29.3489,29.86,8855400.0
2012-06-29,29.43,29.58,29.22,29.58,10035400.0
2012-06-28,29.25,29.36,28.96,29.04,11591300.0
2012-06-27,29.15,29.53,29.12,29.42,6661200.0
2012-06-26,29.08,29.26,28.915,29.09,7439000.0
2012-06-25,29.47,29.57,28.82,28.99,12221500.0
2012-06-22,29.32,30.09,29.25,29.57,27778600.0
2012-06-21,29.36,29.53,29.09,29.15,19444900.0
2012-06-20,29.61,29.63,28.53,29.21,32955500.0
2012-06-19,30.79,30.9,29.86,30.09,42165200.0
2012-06-18,31.7,32.18,31.55,31.96,6011500.0
2012-06-15,31.87,31.95,31.54,31.8,6236900.0
2012-06-14,30.95,31.8,30.85,31.67,5850400.0
2012-06-13,31.24,31.24,30.78,30.88,4361500.0
2012-06-12,31.34,31.41,30.91,31.25,5049500.0
2012-06-11,31.3,31.42,31.02,31.22,5523800.0
2012-06-08,30.88,31.25,30.78,31.16,4659600.0
2012-06-07,31.1,31.24,30.88,30.98,7686600.0
2012-06-06,30.57,30.96,30.37,30.96,5502800.0
2012-06-05,30.29,30.63,30.03,30.58,6901800.0
2012-06-04,30.4,30.52,29.94,30.51,8056900.0
2012-06-01,30.52,30.64,29.8,29.93,8062200.0
2012-05-31,30.83,30.87,30.34,30.52,7496200.0
2012-05-30,31.44,31.48,30.78,30.93,6341100.0
2012-05-29,31.51,31.64,31.31,31.6,4359600.0
2012-05-25,31.31,31.56,31.2,31.36,3155300.0
2012-05-24,31.35,31.49,30.95,31.26,5119100.0
2012-05-23,31.19,31.29,30.92,31.29,5300000.0
2012-05-22,31.41,31.51,31.14,31.25,5909400.0
2012-05-21,31.27,31.5101,31.05,31.35,6983100.0
2012-05-18,32.0,32.07,31.2,31.31,8852100.0
2012-05-17,32.66,32.75,31.87,31.87,7747100.0
2012-05-16,32.91,33.23,32.69,32.78,7097300.0
2012-05-15,32.76,33.21,32.75,32.88,4991900.0
2012-05-14,33.01,33.12,32.78,32.85,5845600.0
2012-05-11,33.9,33.9,33.12,33.24,7557700.0
2012-05-10,34.08,34.1401,33.88,34.05,5307200.0
2012-05-09,33.78,34.287,33.57,33.93,6982200.0
2012-05-08,33.53,34.11,33.18,34.09,9139400.0
2012-05-07,33.66,33.83,33.33,33.57,6302000.0
2012-05-04,33.68,33.96,33.57,33.65,5086900.0
2012-05-03,34.23,34.26,33.8,33.84,7561000.0
2012-05-02,34.44,34.55,33.77,34.15,10721900.0
2012-05-01,35.07,35.4,34.68,34.72,9126400.0
2012-04-30,35.44,35.56,35.0,35.06,9116300.0
2012-04-27,35.52,35.83,35.39,35.67,4944600.0
2012-04-26,35.36,35.55,35.11,35.39,4764200.0
2012-04-25,35.5,35.78,35.26,35.3,6750400.0
2012-04-24,35.43,35.46,35.05,35.24,6397000.0
2012-04-23,35.66,35.69,35.17,35.4,5834900.0
2012-04-20,35.62,36.045,35.57,35.93,9579000.0
2012-04-19,35.59,35.705,35.28,35.63,9288700.0
2012-04-18,34.765,35.98,34.64,35.51,16564300.0
2012-04-17,33.36,35.26,33.31,35.07,19573100.0
2012-04-16,33.15,33.48,33.02,33.3,5515600.0
2012-04-13,33.24,33.39,32.9,33.04,6996600.0
2012-04-12,33.06,33.47,33.0,33.29,7012800.0
2012-04-11,32.57,33.14,32.55,33.08,10572800.0
2012-04-10,32.41,32.72,32.07,32.21,7277300.0
2012-04-09,32.53,32.73,32.26,32.56,6560500.0
2012-04-05,33.24,33.33,32.8,32.84,10495000.0
2012-04-04,33.44,33.63,33.29,33.3,8872600.0
2012-04-03,34.03,34.11,33.63,33.85,9350800.0
2012-04-02,33.56,34.73,33.5,34.16,12633200.0
2012-03-30,34.2,34.21,33.35,33.49,11758400.0
2012-03-29,34.36,34.44,33.65,33.93,9331100.0
2012-03-28,34.31,35.14,34.08,34.75,13627200.0
2012-03-27,35.28,35.4879,34.52,34.8,12943400.0
2012-03-26,33.78,34.375,33.63,34.37,9993300.0
2012-03-23,33.42,33.77,33.2,33.56,6630600.0
2012-03-22,33.4,33.55,33.26,33.38,5656000.0
2012-03-21,33.77,33.96,33.41,33.54,6108500.0
2012-03-20,33.87,33.985,33.74,33.81,5135500.0
2012-03-19,34.02,34.14,33.89,34.06,6269000.0
2012-03-16,33.87,34.44,33.77,34.21,15455700.0
2012-03-15,33.34,33.77,33.16,33.77,6133800.0
2012-03-14,33.13,33.45,33.06,33.37,6521700.0
2012-03-13,33.74,33.7625,33.02,33.25,7700500.0
2012-03-12,33.53,33.74,33.11,33.63,6590100.0
2012-03-09,32.89,33.55,32.68,33.48,9759300.0
2012-03-08,32.86,32.96,32.555,32.78,6044800.0
2012-03-07,33.03,33.19,32.63,32.79,6934700.0
2012-03-06,32.98,33.12,32.78,32.87,7678500.0
2012-03-05,32.53,33.71,32.53,33.3,8983500.0
2012-03-02,32.61,33.19,32.55,32.69,8622000.0
2012-03-01,32.72,33.33,32.54,32.77,13422600.0
2012-02-29,33.37,33.65,32.94,33.16,10686200.0
2012-02-28,33.59,33.59,33.14,33.41,7162700.0
2012-02-27,33.5,33.9,33.315,33.54,7854200.0
2012-02-24,33.9,34.15,33.82,33.86,5974000.0
2012-02-23,34.26,34.64,33.97,33.97,7226800.0
2012-02-22,34.09,34.54,34.04,34.29,7052600.0
2012-02-21,34.82,34.86,34.12,34.18,5767100.0
2012-02-17,34.5,34.8,34.34,34.71,7587800.0
2012-02-16,33.84,34.41,33.83,34.24,7687900.0
2012-02-15,34.53,34.56,33.44,33.82,12413600.0
2012-02-14,34.73,34.98,34.1,34.63,14050800.0
2012-02-13,34.62,34.98,34.59,34.79,10034500.0
2012-02-10,34.04,34.87,33.94,34.54,11761400.0
2012-02-09,33.5,34.23,33.2364,34.21,13510300.0
2012-02-08,33.5,33.6,32.96,33.13,9285900.0
2012-02-07,33.5,34.01,33.435,33.46,13065100.0
2012-02-06,33.49,35.35,33.49,34.28,19906700.0
2012-02-03,33.2,33.97,33.2,33.65,13180600.0
2012-02-02,33.32,33.91,33.21,33.53,10113400.0
2012-02-01,33.48,33.63,33.0,33.22,12924500.0
2012-01-31,33.8,33.85,33.06,33.36,13599200.0
2012-01-30,34.07,34.14,33.58,33.63,7464000.0
2012-01-27,34.31,34.39,33.96,34.23,5403900.0
2012-01-26,34.72,35.0,34.24,34.32,10643800.0
2012-01-25,34.09,34.79,33.83,34.69,10498400.0
2012-01-24,33.79,34.29,33.58,34.27,8817700.0
2012-01-23,33.43,33.92,33.29,33.86,6109900.0
2012-01-20,33.63,33.65,33.1,33.48,9156300.0
2012-01-19,33.31,33.89,33.06,33.5,7254100.0
2012-01-18,33.19,33.76,32.93,33.75,5444800.0
2012-01-17,32.93,33.33,32.82,33.2,6342000.0
2012-01-13,33.18,33.23,32.5,32.63,6907200.0
2012-01-12,34.17,34.18,33.18,33.27,7955200.0
2012-01-11,34.33,34.39,33.86,34.01,6538700.0
2012-01-10,33.65,34.585,33.57,34.4,10254900.0
2012-01-09,33.1,33.52,32.84,33.5,7636500.0
2012-01-06,32.73,33.2,32.32,33.08,8825400.0
2012-01-05,32.49,33.15,32.46,32.72,9351200.0
2012-01-04,33.01,33.08,32.41,32.83,8165300.0
2012-01-03,33.45,33.7,33.04,33.06,7248100.0
2011-12-30,33.35,33.45,32.99,33.06,4870000.0
2011-12-29,33.41,33.6,33.1,33.43,4809100.0
2011-12-28,33.29,33.75,33.08,33.28,5596500.0
2011-12-27,35.18,35.19,33.25,33.36,12187000.0
2011-12-23,33.95,35.34,33.88,35.34,8612300.0
2011-12-22,33.13,33.98,32.75,33.92,8151000.0
2011-12-21,31.42,33.48,30.8,33.37,21413800.0
2011-12-20,33.11,33.57,32.54,33.5,14135500.0
2011-12-19,34.15,34.2,32.7,32.75,12955000.0
2011-12-16,34.38,34.6,33.79,34.13,11776900.0
2011-12-15,33.83,34.17,33.72,34.11,6535800.0
2011-12-14,33.58,33.99,33.49,33.61,6383400.0
2011-12-13,34.24,34.3065,33.55,33.69,6021600.0
2011-12-12,34.13,34.2298,33.61,33.89,7284500.0
2011-12-09,34.0,34.41,33.91,34.22,4992300.0
2011-12-08,34.34,34.51,33.84,33.88,10074400.0
2011-12-07,33.96,34.6,33.79,34.51,8719100.0
2011-12-06,34.23,34.27,33.94,34.01,7862300.0
2011-12-05,33.31,34.58,33.15,34.37,9770300.0
2011-12-02,34.09,34.09,32.81,33.12,13531900.0
2011-12-01,33.58,34.4,33.58,33.88,7140600.0
2011-11-30,33.34,33.75,32.87,33.72,11366100.0
2011-11-29,32.79,33.2764,32.54,32.54,8668900.0
2011-11-28,32.81,33.09,32.5501,32.79,9040800.0
2011-11-25,31.99,33.08,31.98,32.47,6679300.0
2011-11-23,30.72,33.31,30.34,32.09,17857100.0
2011-11-22,31.16,31.39,30.63,30.74,9504700.0
2011-11-21,31.73,32.06,31.07,31.29,11842400.0
2011-11-18,32.38,32.73,32.19,32.63,6687600.0
2011-11-17,32.12,32.65,32.09,32.28,10191800.0
2011-11-16,32.41,32.74,32.19,32.22,9834600.0
2011-11-15,32.43,32.75,32.3,32.55,7396600.0
2011-11-14,32.86,33.14,32.3,32.43,7168700.0
2011-11-11,32.31,32.98,32.25,32.85,7586700.0
2011-11-10,31.96,32.26,31.59,31.95,9372700.0
2011-11-09,32.3,32.57,31.695,31.72,12825800.0
2011-11-08,32.94,33.22,32.45,33.19,8593600.0
2011-11-07,33.18,33.3,32.73,33.14,6622200.0
2011-11-04,32.43,33.28,32.4,33.17,5250800.0
2011-11-03,33.13,33.25,32.42,32.72,7815600.0
2011-11-02,32.729,33.17,32.61,32.99,5340100.0
2011-11-01,32.65,32.97,32.32,32.37,7470500.0
2011-10-31,33.56,33.78,33.17,33.2,7694600.0
2011-10-28,34.18,34.26,33.61,33.81,9231600.0
2011-10-27,34.0,34.28,33.74,34.13,10110900.0
2011-10-26,33.61,33.61,32.4982,33.25,12608100.0
2011-10-25,34.02,34.25,33.75,33.82,4149500.0
2011-10-24,34.03,34.38,33.83,34.31,4455300.0
2011-10-21,33.88,34.26,33.82,34.14,5008000.0
2011-10-20,33.91,34.15,33.22,33.59,5708300.0
2011-10-19,33.83,33.935,33.65,33.75,7401200.0
2011-10-18,33.41,34.1,33.04,33.83,7627300.0
2011-10-17,33.55,34.5,33.0,33.89,8238400.0
2011-10-14,33.41,33.5,32.59,33.0,7209400.0
2011-10-13,33.11,33.295,32.66,32.96,8136100.0
2011-10-12,34.0,34.14,33.09,33.15,9788400.0
2011-10-11,33.6,33.92,33.26,33.79,5079200.0
2011-10-10,33.91,33.99,33.41,33.67,5391500.0
2011-10-07,33.62,33.72,33.14,33.41,6879700.0
2011-10-06,32.58,33.455,32.58,33.37,6549600.0
2011-10-05,32.99,33.22,32.58,33.03,7633100.0
2011-10-04,32.14,32.87,31.6,32.85,9900000.0
2011-10-03,32.9,33.13,32.47,32.47,10081000.0
2011-09-30,32.24,33.25,32.15,32.89,11463000.0
2011-09-29,33.3,33.3,32.0,32.53,8862700.0
2011-09-28,33.81,34.1,32.69,32.75,13119400.0
2011-09-27,35.66,35.66,33.5,33.77,22886300.0
2011-09-26,35.28,36.07,34.7,36.03,9938200.0
2011-09-23,35.08,35.17,34.5,34.89,5985700.0
2011-09-22,35.3,35.64,34.92,35.23,6505200.0
2011-09-21,37.19,37.61,36.31,36.37,5875400.0
2011-09-20,37.11,37.5,36.84,37.09,5756500.0
2011-09-19,36.38,37.175,36.38,37.05,7117400.0
2011-09-16,37.45,37.6,36.9,36.96,8666100.0
2011-09-15,37.0,37.34,36.82,37.3,5937100.0
2011-09-14,36.14,37.01,35.8713,36.65,8512900.0
2011-09-13,35.75,36.02,35.53,35.93,5014700.0
2011-09-12,35.24,35.72,34.925,35.66,7919200.0
2011-09-09,35.65,35.8,35.0,35.33,7899300.0
2011-09-08,35.91,36.45,35.63,35.88,9132600.0
2011-09-07,35.48,36.16,35.39,36.08,8197300.0
2011-09-06,34.0,35.27,33.9,35.1,7941500.0
2011-09-02,34.81,35.33,34.77,34.77,6094000.0
2011-09-01,35.32,36.16,35.26,35.65,7022300.0
2011-08-31,35.68,35.99,35.1,35.21,6252600.0
2011-08-30,35.42,35.69,35.15,35.5,4897700.0
2011-08-29,34.85,35.49,34.68,35.46,4788000.0
2011-08-26,34.03,34.73,33.49,34.51,7102900.0
2011-08-25,34.75,34.79,33.97,34.11,7912100.0
2011-08-24,34.73,35.035,33.96,34.33,11784600.0
2011-08-23,34.04,34.99,33.75,34.68,11778800.0
2011-08-22,35.21,35.33,34.715,34.9,6046700.0
2011-08-19,34.56,35.46,34.295,34.45,8450800.0
2011-08-18,34.89,35.2,33.9,35.06,13971600.0
2011-08-17,37.12,37.13,35.83,36.14,11966000.0
2011-08-16,36.43,37.61,36.3245,37.26,10746600.0
2011-08-15,35.4,36.78,35.05,36.74,10020100.0
2011-08-12,34.92,35.4,34.4,35.22,7945700.0
2011-08-11,35.18,35.31,33.92,34.74,20362500.0
2011-08-10,35.89,35.97,34.65,34.72,11498700.0
2011-08-09,35.62,36.34,34.4,36.29,15094100.0
2011-08-08,36.0,36.7,35.2,35.22,12168500.0
2011-08-05,37.24,37.34,35.75,37.03,12584100.0
2011-08-04,37.83,38.03,37.01,37.05,9639000.0
2011-08-03,38.18,38.24,37.235,38.14,9478200.0
2011-08-02,38.78,39.06,38.23,38.23,6124000.0
2011-08-01,39.45,39.45,38.46,39.1,6226600.0
2011-07-29,39.01,39.33,38.8,39.04,6376700.0
2011-07-28,39.31,39.79,39.12,39.18,7476800.0
2011-07-27,39.49,39.63,38.9,38.96,6307700.0
2011-07-26,39.75,40.08,39.54,39.73,5329800.0
2011-07-25,39.78,40.16,39.7,39.8,5502900.0
2011-07-22,39.72,40.245,39.63,40.02,8469300.0
2011-07-21,40.29,41.08,39.44,39.64,37174200.0
2011-07-20,42.29,42.36,41.76,41.8,4590000.0
2011-07-19,41.87,42.16,41.3799,42.15,5230900.0
2011-07-18,41.85,41.87,41.25,41.67,3925500.0
2011-07-15,42.2,42.2,41.62,41.93,6515400.0
2011-07-14,42.82,42.89,42.08,42.15,6454000.0
2011-07-13,42.74,43.3,42.61,42.79,7633900.0
2011-07-12,43.32,43.36,42.52,42.55,6357800.0
2011-07-11,43.63,43.93,43.23,43.43,4093600.0
2011-07-08,43.8,44.118,43.61,44.07,4978700.0
2011-07-07,43.6,44.26,43.52,44.14,6142200.0
2011-07-06,43.08,43.41,43.0,43.38,7379300.0
2011-07-05,42.78,42.82,42.32,42.73,4711900.0
2011-07-01,42.3,42.89,42.23,42.83,4720400.0
2011-06-30,41.81,42.53,41.7,42.46,6493400.0
2011-06-29,41.66,42.09,41.54,41.76,6331300.0
2011-06-28,41.87,41.93,41.4,41.59,7429300.0
2011-06-27,41.51,42.11,41.47,41.72,6749400.0
2011-06-24,42.6,42.66,41.32,41.39,12074000.0
2011-06-23,42.11,42.65,42.07,42.59,9402000.0
2011-06-22,43.16,43.16,42.61,42.65,13601600.0
2011-06-21,42.63,43.55,42.18,43.28,25174000.0
2011-06-20,44.43,45.34,44.36,45.18,6499100.0
2011-06-17,44.65,44.93,44.51,44.67,7006800.0
2011-06-16,43.84,44.48,43.83,44.38,6454600.0
2011-06-15,43.76,44.48,43.56,43.79,5852900.0
2011-06-14,43.91,44.39,43.8,44.1,5919000.0
2011-06-13,43.13,43.66,43.0,43.5,4097900.0
2011-06-10,43.53,43.59,42.94,42.97,4446400.0
2011-06-09,43.21,43.96,42.98,43.6,5527900.0
2011-06-08,42.82,43.3225,42.74,43.18,5097400.0
2011-06-07,43.24,43.59,42.93,42.93,6629500.0
2011-06-06,43.01,43.465,42.94,42.94,5803800.0
2011-06-03,42.77,43.57,42.6,43.15,7149600.0
2011-06-02,43.39,43.52,42.89,43.22,5540600.0
2011-06-01,43.66,43.96,43.3,43.32,6133400.0
2011-05-31,43.99,44.06,43.4,43.63,5603100.0
2011-05-27,43.87,44.11,43.61,43.71,3832400.0
2011-05-26,43.69,44.11,43.38,43.7,5319100.0
2011-05-25,44.12,44.3,43.99,44.14,4385900.0
2011-05-24,44.45,44.6,44.29,44.29,4277300.0
2011-05-23,44.0,44.64,43.82,44.5,5927300.0
2011-05-20,44.09,44.53,43.66,44.37,4980900.0
2011-05-19,44.31,44.351,43.95,44.23,3730600.0
2011-05-18,44.3,44.34,43.81,44.19,5438700.0
2011-05-17,44.84,44.99,44.08,44.3,6250600.0
2011-05-16,44.85,45.24,44.67,45.12,7514300.0
2011-05-13,44.7,45.0,44.621,44.97,5905100.0
2011-05-12,43.92,44.98,43.92,44.93,7600000.0
2011-05-11,43.29,44.11,43.21,44.09,8289600.0
2011-05-10,43.03,43.58,43.03,43.5,5361300.0
2011-05-09,42.28,43.22,42.28,43.1,6204000.0
2011-05-06,42.82,43.0,42.07,42.34,5770400.0
2011-05-05,42.6,42.9,42.36,42.5,6664800.0
2011-05-04,42.98,43.11,42.45,42.78,7180500.0
2011-05-03,42.32,43.19,42.31,43.12,6922100.0
2011-05-02,42.97,43.1,42.26,42.31,5278200.0
2011-04-29,43.08,43.21,42.64,42.72,4500000.0
2011-04-28,42.8,43.21,42.69,43.17,5091200.0
2011-04-27,42.87,43.0,42.45,42.88,6040900.0
2011-04-26,42.66,42.94,42.5,42.87,4000000.0
2011-04-25,42.59,42.69,42.32,42.45,3448800.0
2011-04-21,42.61,42.94,42.46,42.69,4112600.0
2011-04-20,42.49,42.75,42.15,42.56,5770500.0
2011-04-19,41.67,42.39,41.615,42.37,5074800.0
2011-04-18,41.54,41.74,41.3,41.65,4636200.0
2011-04-15,41.69,42.2,41.68,41.87,6699300.0
2011-04-14,41.18,41.5701,41.002,41.45,6044900.0
2011-04-13,41.38,41.44,40.885,41.32,4989000.0
2011-04-12,40.99,41.56,40.99,41.27,4244900.0
2011-04-11,41.16,41.51,41.12,41.34,4113400.0
2011-04-08,41.35,41.56,40.89,41.01,4921200.0
2011-04-07,41.1,41.65,41.09,41.33,4556000.0
2011-04-06,41.12,41.49,40.91,41.22,3816800.0
2011-04-05,41.2,41.76,41.01,41.11,8458100.0
2011-04-04,40.86,41.11,40.56,40.83,3841900.0
2011-04-01,40.32,40.98,40.28,40.94,6196200.0
2011-03-31,39.88,40.21,39.68,40.14,4679000.0
2011-03-30,40.15,40.4,39.91,40.0,3495400.0
2011-03-29,39.65,40.04,39.35,39.93,4835900.0
2011-03-28,39.69,40.11,39.22,39.28,5477200.0
2011-03-25,40.17,40.47,39.29,39.64,6390300.0
2011-03-24,40.0,40.43,39.63,39.95,6488200.0
2011-03-23,39.35,39.88,38.96,39.83,8861400.0
2011-03-22,39.74,40.1,38.45,39.21,33388000.0
2011-03-21,41.47,41.99,41.15,41.97,11485800.0
2011-03-18,41.46,42.3,40.63,40.91,10883200.0
2011-03-17,41.22,41.35,40.78,41.17,5399000.0
2011-03-16,40.78,41.16,40.01,40.61,7268900.0
2011-03-15,40.79,47.11,40.36,41.07,6633900.0
2011-03-14,41.67,41.87,41.3,41.59,4913800.0
2011-03-11,41.75,42.19,41.44,41.93,5914000.0
2011-03-10,42.29,42.45,41.92,41.96,5322000.0
2011-03-09,42.77,43.09,42.18,42.61,5640300.0
2011-03-08,41.93,42.69,41.78,42.39,4033400.0
2011-03-07,42.34,42.68,41.53,41.85,6265700.0
2011-03-04,42.47,42.97,42.01,42.23,5729300.0
2011-03-03,42.05,42.76,41.33,42.53,9263800.0
2011-03-02,42.82,43.24,41.11,41.84,11699500.0
2011-03-01,43.52,44.06,42.69,42.72,14353300.0
2011-02-28,42.77,43.75,42.5,43.34,12297100.0
2011-02-25,41.44,42.06,41.36,41.97,3506400.0
2011-02-24,41.13,41.6,40.79,41.32,6736600.0
2011-02-23,42.25,42.45,41.21,41.23,9492200.0
2011-02-22,42.22,42.535,41.85,42.18,6423500.0
2011-02-18,42.75,42.91,42.63,42.74,4720400.0
2011-02-17,42.06,42.64,41.74,42.61,3949500.0
2011-02-16,42.25,42.475,41.92,42.19,5997400.0
2011-02-15,42.28,42.6,41.91,42.34,6137900.0
2011-02-14,42.61,42.66,42.1,42.17,3653900.0
2011-02-11,42.35,42.59,42.15,42.58,3724000.0
2011-02-10,42.49,42.65,42.1,42.58,3686000.0
2011-02-09,42.64,42.94,42.23,42.66,5101300.0
2011-02-08,42.49,42.91,42.27,42.78,5058900.0
2011-02-07,42.37,42.6,42.16,42.31,4405500.0
2011-02-04,42.48,42.55,42.06,42.37,4925600.0
2011-02-03,42.07,43.18,42.05,42.31,9296700.0
2011-02-02,42.17,42.25,41.6,41.97,4998000.0
2011-02-01,40.63,42.35,40.6,42.23,8930200.0
2011-01-31,40.75,40.83,40.25,40.44,5584100.0
2011-01-28,41.24,41.48,40.27,40.36,5644700.0
2011-01-27,41.39,41.48,40.68,41.07,6274300.0
2011-01-26,41.41,41.64,41.16,41.29,4807400.0
2011-01-25,41.48,41.49,40.89,41.24,6977700.0
2011-01-24,41.6,41.81,41.47,41.49,5187800.0
2011-01-21,41.94,42.1999,41.54,41.69,5515000.0
2011-01-20,41.07,41.88,41.07,41.61,6163000.0
2011-01-19,41.69,41.87,41.07,41.28,5147900.0
2011-01-18,41.45,42.0,41.3,41.97,6344000.0
2011-01-14,41.47,41.7,41.34,41.44,5392900.0
2011-01-13,41.16,41.73,41.05,41.64,6273300.0
2011-01-12,41.04,41.34,40.67,41.2,7165500.0
2011-01-11,41.14,41.65,40.75,40.83,7870300.0
2011-01-10,39.8,41.13,39.78,40.95,9143900.0
2011-01-07,40.37,40.49,39.83,40.08,6303500.0
2011-01-06,39.94,40.5325,39.82,40.32,8372500.0
2011-01-05,39.53,40.34,39.48,40.2,8207900.0
2011-01-04,39.9,40.05,39.56,39.65,9603200.0
2011-01-03,39.14,39.48,39.06,39.32,6908800.0
2010-12-31,39.16,39.29,38.92,38.96,2849200.0
2010-12-30,39.41,39.41,38.96,39.24,2210900.0
2010-12-29,39.41,39.5525,39.2,39.48,3313000.0
2010-12-28,39.1,39.55,38.74,39.47,7104200.0
2010-12-27,38.96,39.29,38.77,38.96,3339800.0
2010-12-23,38.79,39.215,38.66,39.19,5489000.0
2010-12-22,39.75,40.2,38.8,38.85,23618600.0
2010-12-21,37.47,37.5199,36.77,36.83,8179800.0
2010-12-20,37.58,37.76,37.22,37.28,6026200.0
2010-12-17,37.64,37.77,37.54,37.58,15660300.0
2010-12-16,37.1,37.775,36.83,37.72,7539900.0
2010-12-15,36.52,37.19,36.52,37.13,7388800.0
2010-12-14,36.54,36.86,36.54,36.75,5244100.0
2010-12-13,36.67,36.76,36.18,36.44,5404700.0
2010-12-10,36.38,36.67,36.16,36.43,4984900.0
2010-12-09,36.97,36.98,36.03,36.37,6329100.0
2010-12-08,36.29,36.56,35.92,36.47,5407300.0
2010-12-07,36.53,36.65,36.11,36.22,9965200.0
2010-12-06,36.68,36.7,36.2,36.35,5369300.0
2010-12-03,36.31,37.27,36.22,36.86,12252000.0
2010-12-02,35.62,36.37,35.61,36.11,7137400.0
2010-12-01,35.28,35.78,35.24,35.67,8395600.0
2010-11-30,34.46,35.0,34.36,34.85,6333800.0
2010-11-29,33.47,34.97,33.38,34.8,10110900.0
2010-11-26,33.89,34.08,33.63,33.68,2139100.0
2010-11-24,34.08,34.35,34.03,34.31,5088700.0
2010-11-23,34.55,34.56,33.83,33.98,7145800.0
2010-11-22,34.66,35.19,34.46,34.89,4910100.0
2010-11-19,34.4,34.79,34.26,34.76,6418000.0
2010-11-18,34.39,34.54,34.38,34.42,6527700.0
2010-11-17,33.9,34.3,33.83,34.01,5744700.0
2010-11-16,34.42,34.6,33.89,34.01,7368200.0
2010-11-15,34.76,34.97,34.46,34.51,4300200.0
2010-11-12,34.94,35.17,34.44,34.83,5531200.0
2010-11-11,34.94,35.23,34.7,35.21,3993200.0
2010-11-10,34.96,35.19,34.58,35.11,5413900.0
2010-11-09,35.09,35.36,35.0,35.24,5321600.0
2010-11-08,35.04,35.2,34.83,35.09,5501500.0
2010-11-05,35.8,36.15,35.01,35.14,8376200.0
2010-11-04,35.39,36.0,35.3,35.95,8391800.0
2010-11-03,34.33,35.52,34.29,35.18,9881600.0
2010-11-02,34.38,34.68,34.32,34.49,9199800.0
2010-11-01,33.96,34.59,33.75,34.05,7353500.0
2010-10-29,34.1,34.19,33.62,33.88,6886200.0
2010-10-28,34.08,34.23,33.78,34.14,4411100.0
2010-10-27,33.91,33.99,33.51,33.95,4304700.0
2010-10-26,34.27,34.39,34.0,34.14,5299900.0
2010-10-25,34.35,34.75,34.14,34.44,9125100.0
2010-10-22,34.18,34.34,33.97,34.07,2828500.0
2010-10-21,34.27,34.63,33.78,34.1,5186000.0
2010-10-20,33.74,34.32,33.6501,34.03,6341700.0
2010-10-19,33.97,34.25,33.4,33.63,7396600.0
2010-10-18,34.55,34.63,34.24,34.41,4260800.0
2010-10-15,34.7,34.87,34.305,34.58,6055600.0
2010-10-14,34.83,34.85,34.07,34.49,6127300.0
2010-10-13,34.31,35.18,34.17,34.8,11031700.0
2010-10-12,33.62,34.14,33.5,34.04,6875500.0
2010-10-11,34.01,34.06,33.56,33.75,4280500.0
2010-10-08,33.75,34.05,33.55,33.98,6421900.0
2010-10-07,34.09,34.17,33.78,33.87,5512300.0
2010-10-06,33.95,34.09,33.68,34.06,5086200.0
2010-10-05,33.94,34.55,33.85,33.98,10942500.0
2010-10-04,33.65,33.71,33.04,33.11,9543600.0
2010-10-01,33.74,33.92,33.5,33.68,7045800.0
2010-09-30,33.64,33.87,33.4,33.5,7314500.0
2010-09-29,33.26,33.81,33.25,33.63,9120100.0
2010-09-28,33.1,34.12,32.75,33.81,31775700.0
2010-09-27,30.29,30.79,30.168,30.35,8678500.0
2010-09-24,29.92,30.5,29.76,30.36,7320800.0
2010-09-23,29.54,29.91,29.46,29.51,5509800.0
2010-09-22,29.71,30.0,29.64,29.79,6767700.0
2010-09-21,29.21,29.94,29.15,29.72,8589700.0
2010-09-20,29.25,29.34,29.19,29.24,10141600.0
2010-09-17,29.18,29.32,28.97,29.21,7284000.0
2010-09-16,28.99,29.13,28.83,29.12,5004500.0
2010-09-15,29.23,29.38,28.89,29.21,6387400.0
2010-09-14,29.07,29.42,29.02,29.22,5103000.0
2010-09-13,29.26,29.33,28.95,29.06,4620700.0
2010-09-10,28.76,29.1222,28.73,28.96,4359700.0
2010-09-09,28.85,28.96,28.7,28.72,5409600.0
2010-09-08,28.53,28.87,28.5201,28.67,5224800.0
2010-09-07,28.16,28.72,28.12,28.49,6092600.0
2010-09-03,28.66,28.95,28.23,28.3,7388600.0
2010-09-02,27.65,28.43,27.48,28.3,7621100.0
2010-09-01,27.06,27.86,27.05,27.69,7359400.0
2010-08-31,27.1,27.17,26.77,26.88,8897500.0
2010-08-30,27.38,27.5,27.19,27.19,4421200.0
2010-08-27,27.27,27.36,26.82,27.32,8188300.0
2010-08-26,27.67,27.67,26.99,27.14,7558800.0
2010-08-25,27.76,27.89,27.33,27.5,7565000.0
2010-08-24,28.06,28.265,27.77,27.95,6781700.0
2010-08-23,28.54,28.8473,28.46,28.48,6688800.0
2010-08-20,27.94,28.5919,27.94,28.45,7600900.0
2010-08-19,28.16,28.33,27.91,28.16,7392900.0
2010-08-18,28.25,28.34,28.1,28.21,8618200.0
2010-08-17,28.2,28.59,28.05,28.22,8938100.0
2010-08-16,28.05,28.3,27.83,28.19,6454500.0
2010-08-13,27.99,28.319,27.9,28.17,7032400.0
2010-08-12,27.61,28.14,27.6,28.03,7373000.0
2010-08-11,27.82,27.9501,27.67,27.73,8709000.0
2010-08-10,28.2,28.44,27.87,28.22,7653700.0
2010-08-09,28.065,28.56,27.85,28.35,6185300.0
2010-08-06,28.0,28.1,27.52,28.0,9723400.0
2010-08-05,28.4,28.45,28.08,28.19,8516800.0
2010-08-04,28.78,28.93,28.33,28.5,8404700.0
2010-08-03,29.06,29.3,28.77,28.82,5630300.0
2010-08-02,29.11,29.23,28.83,29.13,6968900.0
2010-07-30,28.12,28.71,28.0,28.55,7195900.0
2010-07-29,28.98,29.171,28.26,28.32,11042600.0
2010-07-28,28.66,29.27,28.5,28.92,11898800.0
2010-07-27,29.95,29.95,28.97,29.09,12343500.0
2010-07-26,30.06,30.26,29.68,29.88,8918900.0
2010-07-23,29.49,30.25,29.39,30.14,7388900.0
2010-07-22,29.15,29.75,29.0,29.41,10331100.0
2010-07-21,29.69,29.69,28.68,28.86,11628200.0
2010-07-20,29.0,29.8,29.0,29.52,10533100.0
2010-07-19,29.19,29.46,29.02,29.23,9197100.0
2010-07-16,29.68,29.71,29.1,29.21,12277600.0
2010-07-15,29.6,29.96,29.36,29.72,15238800.0
2010-07-14,29.04,29.64,28.89,29.62,15894600.0
2010-07-13,28.46,29.28,28.36,29.11,14322000.0
2010-07-12,28.35,28.47,27.98,28.14,11137200.0
2010-07-09,28.16,28.41,28.05,28.4,10043300.0
2010-07-08,27.47,28.24,27.35,28.12,11703400.0
2010-07-07,26.69,27.15,26.5,27.15,10504600.0
2010-07-06,27.09,27.32,26.45,26.62,12703100.0
2010-07-02,26.69,26.8,26.26,26.36,12016400.0
2010-07-01,26.67,26.8,26.39,26.56,15035200.0
2010-06-30,26.47,26.91,26.26,26.7,11880100.0
2010-06-29,26.68,26.7,26.33,26.49,20155900.0
2010-06-28,27.1,27.29,26.89,26.9,9148400.0
2010-06-25,27.53,27.79,26.89,26.93,15867700.0
2010-06-24,28.11,28.25,27.55,27.59,10875900.0
2010-06-23,28.2,28.39,27.92,28.13,14108200.0
2010-06-22,28.85,28.94,28.07,28.17,27962000.0
2010-06-21,30.53,30.54,29.95,30.14,13312700.0
2010-06-18,31.01,31.38,30.04,30.09,29568500.0
2010-06-17,29.45,29.45,29.045,29.27,12545500.0
2010-06-16,30.01,30.06,29.16,29.24,12836100.0
2010-06-15,29.75,30.18,29.56,30.18,10332600.0
2010-06-14,29.73,29.99,29.49,29.54,13340800.0
2010-06-11,29.35,29.68,29.1,29.48,17654200.0
2010-06-10,30.2,30.2,28.16,29.96,28450700.0
2010-06-09,30.57,30.62,29.35,29.83,18879200.0
2010-06-08,30.0,30.68,29.75,30.61,13350300.0
2010-06-07,30.07,30.61,29.52,30.0,18641500.0
2010-06-04,32.0,32.0,30.65,30.84,11232100.0
2010-06-03,32.59,33.15,31.86,32.35,7604900.0
2010-06-02,32.19,32.85,31.97,32.82,5810700.0
2010-06-01,31.84,32.72,31.54,32.02,7923500.0
2010-05-28,32.32,32.49,31.78,32.04,7384700.0
2010-05-27,32.28,32.41,31.85,32.34,7458200.0
2010-05-26,33.12,33.15,31.79,31.92,7984200.0
2010-05-25,32.02,32.97,31.93,32.91,8301800.0
2010-05-24,33.01,33.2,32.7,32.74,5063400.0
2010-05-21,32.38,33.39,32.3,33.1,12367300.0
2010-05-20,33.68,33.75,32.7,32.71,16188800.0
2010-05-19,35.07,35.21,34.41,34.81,7426800.0
2010-05-18,35.38,35.97,35.13,35.2,5511800.0
2010-05-17,35.36,35.74,34.98,35.71,6470000.0
2010-05-14,35.71,35.85,35.15,35.38,6152800.0
2010-05-13,36.47,36.71,35.84,35.86,5414900.0
2010-05-12,36.28,36.61,36.0,36.57,5432200.0
2010-05-11,35.26,36.44,35.07,36.17,9309300.0
2010-05-10,35.67,36.0,35.2,35.57,7740400.0
2010-05-07,34.6,35.4,34.0,34.87,13083100.0
2010-05-06,35.52,35.73,32.76,34.66,10542100.0
2010-05-05,34.66,36.45,34.66,35.73,9729300.0
2010-05-04,35.23,35.57,34.81,35.13,8268800.0
2010-05-03,35.33,35.7,35.19,35.62,5126900.0
2010-04-30,35.75,36.14,35.13,35.15,6028600.0
2010-04-29,35.39,36.0,35.31,35.87,6138100.0
2010-04-28,34.94,35.49,34.82,35.2,5425300.0
2010-04-27,35.5,35.69,34.77,34.9,6926200.0
2010-04-26,35.73,35.99,35.68,35.69,3820100.0
2010-04-23,36.05,36.14,35.7,35.86,4655500.0
2010-04-22,35.71,36.14,35.59,36.06,3754800.0
2010-04-21,36.02,36.2,35.58,35.87,4419400.0
2010-04-20,36.25,36.33,36.02,36.06,3830100.0
2010-04-19,35.81,36.14,35.69,36.13,4903900.0
2010-04-16,36.39,36.67,35.86,35.86,9055600.0
2010-04-15,36.55,36.72,36.29,36.51,6351900.0
2010-04-14,36.76,36.98,36.55,36.78,4436200.0
2010-04-13,36.63,36.91,36.57,36.81,4163600.0
2010-04-12,36.97,36.98,36.56,36.82,6269800.0
2010-04-09,36.83,37.1,36.65,37.07,4275800.0
2010-04-08,36.6,36.95,36.6,36.85,5801900.0
2010-04-07,37.37,37.49,36.5,36.79,8565500.0
2010-04-06,37.59,37.77,37.3,37.4,5647200.0
2010-04-05,37.69,37.95,37.43,37.83,6897500.0
2010-04-01,37.16,37.78,37.14,37.75,7946500.0
2010-03-31,37.13,37.3,36.9,37.09,5705700.0
2010-03-30,37.47,37.6,37.23,37.42,6087000.0
2010-03-29,36.68,37.5505,36.68,37.49,12950200.0
2010-03-26,36.26,36.86,36.15,36.79,9887400.0
2010-03-25,35.5202,36.4,35.45,36.33,9932900.0
2010-03-24,35.87,35.9,35.31,35.4,6244500.0
2010-03-23,35.93,36.19,35.49,35.91,10609100.0
2010-03-22,34.57,35.62,34.57,35.33,10413000.0
2010-03-19,34.77,35.0,34.32,34.53,9662700.0
2010-03-18,34.5,34.87,34.41,34.82,5084600.0
2010-03-17,34.57,34.74,34.29,34.48,5649400.0
2010-03-16,34.27,34.58,34.15,34.51,5480700.0
2010-03-15,33.87,34.18,33.715,34.17,4202200.0
2010-03-12,34.11,34.2,33.84,33.93,6885900.0
2010-03-11,34.2,34.305,33.44,33.94,13188800.0
2010-03-10,34.45,34.66,34.2,34.27,8637100.0
2010-03-09,34.68,34.79,34.26,34.39,7297400.0
2010-03-08,35.11,35.14,34.61,34.74,7873600.0
2010-03-05,35.16,35.2599,34.93,34.99,7074800.0
2010-03-04,35.36,35.58,34.93,35.0,8401500.0
2010-03-03,35.15,35.97,35.02,35.36,10597300.0
2010-03-02,35.5,35.77,35.2,35.24,8807600.0
2010-03-01,35.23,35.45,34.87,35.42,6868000.0
2010-02-26,35.95,36.07,35.18,35.24,7104100.0
2010-02-25,35.24,36.13,34.96,36.02,11441400.0
2010-02-24,34.96,35.58,34.6,35.5,7894500.0
2010-02-23,34.62,34.81,34.04,34.76,7834900.0
2010-02-22,35.3,35.31,34.71,34.75,5983800.0
2010-02-19,34.65,34.95,34.52,34.86,4701500.0
2010-02-18,34.33,34.75,34.23,34.69,5142100.0
2010-02-17,33.69,34.57,33.65,34.19,7799400.0
2010-02-16,33.55,34.08,33.35,34.08,5406500.0
2010-02-12,33.38,33.63,33.23,33.35,5645700.0
2010-02-11,33.25,33.6,33.04,33.6,5881800.0
2010-02-10,33.55,33.61,33.025,33.3,6630100.0
2010-02-09,33.55,33.84,33.41,33.61,7249200.0
2010-02-08,33.9,33.9,33.27,33.29,11686000.0
2010-02-05,33.45,33.68,33.0,33.31,12632300.0
2010-02-04,34.72,35.1,33.44,33.45,17080600.0
2010-02-03,36.0,36.19,34.23,34.62,23408700.0
2010-02-02,36.35,36.84,36.22,36.78,7675600.0
2010-02-01,36.29,36.41,36.01,36.38,6073200.0
2010-01-29,36.52,37.0625,36.0,36.05,8441900.0
2010-01-28,36.75,37.0,36.37,36.4,5611100.0
2010-01-27,36.15,36.83,36.1,36.7,6706500.0
2010-01-26,36.55,36.7,36.11,36.17,6565500.0
2010-01-25,36.22,36.865,35.98,36.67,6138000.0
2010-01-22,36.31,36.8,35.97,35.99,6976400.0
2010-01-21,37.15,37.27,36.22,36.45,7951700.0
2010-01-20,36.6,37.05,36.51,36.95,5939000.0
2010-01-19,36.62,36.87,36.36,36.74,5621700.0
2010-01-15,36.93,37.05,36.46,36.6,8691800.0
2010-01-14,37.16,37.25,36.88,37.11,5686500.0
2010-01-13,36.65,37.16,36.6,37.08,4526600.0
2010-01-12,36.84,36.97,36.6,36.74,4646300.0
2010-01-11,37.0,37.14,36.9,37.05,4947500.0
2010-01-08,36.92,37.07,36.65,36.99,6139800.0
2010-01-07,36.69,37.0,36.47,36.94,5040700.0
2010-01-06,36.16,37.29,35.92,36.72,8945400.0
2010-01-05,37.1,37.16,36.62,37.0,10843200.0
2010-01-04,37.01,37.3,36.64,37.3,8171000.0
2009-12-31,37.19,37.19,36.68,36.72,2806100.0
2009-12-30,37.0,37.18,36.9,37.13,2822400.0
2009-12-29,37.26,37.44,37.16,37.23,2939500.0
2009-12-28,37.51,37.63,37.06,37.3,3166200.0
2009-12-24,37.44,37.51,37.3,37.48,1719200.0
2009-12-23,36.77,37.58,36.77,37.44,6216900.0
2009-12-22,36.85,36.97,36.49,36.97,7588900.0
2009-12-21,37.29,37.29,35.1,36.61,17653700.0
2009-12-18,37.28,37.28,35.65,36.64,17558200.0
2009-12-17,38.02,38.07,37.25,37.31,9743000.0
2009-12-16,38.09,38.59,37.76,38.24,7155800.0
2009-12-15,38.15,38.28,37.7999,37.86,5904300.0
2009-12-14,38.84,38.99,38.13,38.21,5502600.0
2009-12-11,38.39,38.88,38.34,38.81,5091500.0
2009-12-10,38.4,38.75,38.22,38.34,7117900.0
2009-12-09,36.91,38.29,36.91,38.23,9244200.0
2009-12-08,37.4,37.62,36.9,37.08,7220300.0
2009-12-07,37.8,38.115,37.58,37.68,4416500.0
2009-12-04,38.0,38.62,37.69,37.86,6641600.0
2009-12-03,38.09,38.21,37.77,37.8,5835700.0
2009-12-02,37.32,38.21,37.25,38.2,15755800.0
2009-12-01,39.0,39.45,38.8,39.37,5743700.0
2009-11-30,39.44,39.44,38.56,38.89,5294400.0
2009-11-27,38.64,39.05,38.53,39.01,3069700.0
2009-11-25,39.37,39.445,39.03,39.23,3306800.0
2009-11-24,39.44,39.69,39.23,39.4,3615500.0
2009-11-23,39.15,39.8,39.12,39.42,4766900.0
2009-11-20,38.75,39.05,38.59,38.97,6374500.0
2009-11-19,38.92,39.24,38.39,39.03,8198900.0
2009-11-18,39.25,39.39,38.71,39.06,7433300.0
2009-11-17,38.92,39.46,38.92,39.35,4239000.0
2009-11-16,39.43,39.63,39.16,39.4,5770100.0
2009-11-13,39.06,39.51,38.91,39.38,4631400.0
2009-11-12,39.14,39.51,38.95,39.12,6190600.0
2009-11-11,39.6,39.6,39.6,39.6,6849500.0
2009-11-10,39.84,40.0,39.32,39.6,8904100.0
2009-11-09,39.78,40.07,39.54,40.04,7823000.0
2009-11-06,39.94,40.26,39.43,39.57,8223300.0
2009-11-05,38.21,40.25,38.2,40.07,14893500.0
2009-11-04,38.53,39.82,38.52,39.48,9473300.0
2009-11-03,38.89,39.1,38.06,38.44,7315300.0
2009-11-02,38.12,38.82,37.85,38.71,8318300.0
2009-10-30,38.27,38.76,37.75,37.83,8427600.0
2009-10-29,37.39,38.45,37.22,38.4,9965600.0
2009-10-28,37.77,37.91,36.98,37.09,9547800.0
2009-10-27,38.87,38.95,37.54,37.7,13848600.0
2009-10-26,38.97,39.6,38.79,38.9,4768700.0
2009-10-23,39.52,39.59,38.94,39.05,4906900.0
2009-10-22,39.47,39.56,39.01,39.49,6049900.0
2009-10-21,40.02,40.57,39.42,39.43,8067200.0
2009-10-20,40.33,40.55,39.83,40.06,4217200.0
2009-10-19,40.36,40.69,40.09,40.37,5017900.0
2009-10-16,39.84,40.56,39.48,40.37,10599600.0
2009-10-15,38.69,39.83,38.58,39.83,9377000.0
2009-10-14,38.38,38.785,38.38,38.75,7125100.0
2009-10-13,38.83,39.09,38.23,38.27,10346800.0
2009-10-12,39.2,39.375,38.68,38.97,6621300.0
2009-10-09,39.54,39.6,39.1338,39.45,5507400.0
2009-10-08,38.93,39.67,38.705,39.64,9508300.0
2009-10-07,38.23,39.3,38.18,39.12,8578700.0
2009-10-06,38.34,38.5,38.11,38.31,7429400.0
2009-10-05,37.64,38.335,37.52,38.21,8809700.0
2009-10-02,38.35,38.75,37.92,38.05,8907800.0
2009-10-01,37.5,38.62,37.31,38.19,15749200.0
2009-09-30,37.1,37.69,36.76,37.47,11096400.0
2009-09-29,37.9,38.44,37.035,37.35,26122800.0
2009-09-28,33.73,34.33,33.64,34.19,5930400.0
2009-09-25,33.53,34.08,33.53,33.68,4234000.0
2009-09-24,34.15,34.26,33.39,33.65,6600200.0
2009-09-23,34.62,34.81,34.23,34.24,6152400.0
2009-09-22,34.65,34.74,34.38,34.63,4682600.0
2009-09-21,34.4,34.69,34.14,34.54,3737000.0
2009-09-18,34.41,34.64,34.34,34.5,5369300.0
2009-09-17,34.37,34.74,34.16,34.32,6175200.0
2009-09-16,34.18,34.64,33.73,34.61,6273200.0
2009-09-15,34.19,34.23,33.78,34.06,6015100.0
2009-09-14,34.03,34.34,33.96,34.24,3517900.0
2009-09-11,34.18,34.37,34.01,34.08,4116100.0
2009-09-10,34.06,34.25,33.76,34.19,7945600.0
2009-09-09,33.98,34.15,33.72,33.9,4322300.0
2009-09-08,33.795,34.0,33.59,33.98,5059100.0
2009-09-04,33.54,33.88,33.33,33.84,3081800.0
2009-09-03,33.99,34.01,33.18,33.55,6776500.0
2009-09-02,33.27,33.94,33.1,33.81,11122000.0
2009-09-01,33.71,34.63,33.62,34.04,10254600.0
2009-08-31,33.5,34.3,33.46,33.88,8708000.0
2009-08-28,33.77,33.9395,33.46,33.68,6081700.0
2009-08-27,33.74,33.97,33.42,33.65,8277500.0
2009-08-26,32.5,33.44,31.9633,33.41,8464500.0
2009-08-25,31.35,32.7,31.33,32.54,9286800.0
2009-08-24,31.63,31.63,31.26,31.41,4405200.0
2009-08-21,31.14,31.64,30.82,31.63,7858000.0
2009-08-20,31.01,31.01,30.72,30.89,5193400.0
2009-08-19,30.53,31.2,30.49,30.95,5082500.0
2009-08-18,30.57,30.57,30.57,30.57,4425900.0
2009-08-17,31.15,31.29,30.44,30.57,6500600.0
2009-08-14,31.65,31.85,31.185,31.62,5203600.0
2009-08-13,31.21,31.85,30.84,31.85,8003500.0
2009-08-12,30.59,31.58,30.49,31.32,5305500.0
2009-08-11,30.7,30.87,30.45,30.74,4367900.0
2009-08-10,30.6,30.79,30.29,30.72,5603500.0
2009-08-07,30.72,30.98,30.41,30.72,6848900.0
2009-08-06,30.21,30.6,30.12,30.53,4958900.0
2009-08-05,30.34,30.6,29.95,30.26,6217500.0
2009-08-04,30.96,30.99,30.15,30.39,8288300.0
2009-08-03,31.34,31.41,30.78,31.09,6041000.0
2009-07-31,31.04,31.22,30.91,31.05,5709900.0
2009-07-30,30.99,31.42,30.82,31.01,5290200.0
2009-07-29,30.14,30.82,30.02,30.75,6010400.0
2009-07-28,30.06,30.59,30.03,30.25,4901500.0
2009-07-27,30.2,30.42,29.73,30.37,4570500.0
2009-07-24,29.57,30.44,29.56,30.42,7842600.0
2009-07-23,29.8,30.04,29.35,29.74,9047100.0
2009-07-22,30.0,30.18,29.68,29.8,6587000.0
2009-07-21,30.24,30.41,29.64,29.96,7247800.0
2009-07-20,29.9,30.25,29.72,30.07,7684900.0
2009-07-17,29.36,29.85,29.34,29.82,7119000.0
2009-07-16,29.85,29.91,29.115,29.39,9725000.0
2009-07-15,29.69,30.15,29.48,29.99,5566300.0
2009-07-14,29.4,29.6,28.95,29.4,6076300.0
2009-07-13,28.99,29.41,28.62,29.32,6838000.0
2009-07-10,29.19,29.48,28.7,28.84,5547300.0
2009-07-09,29.86,29.92,29.0,29.38,5886700.0
2009-07-08,29.03,29.84,28.78,29.76,8484500.0
2009-07-07,29.55,29.59,28.84,28.86,6697000.0
2009-07-06,28.5,29.53,27.89,29.51,8402200.0
2009-07-02,29.18,29.4,28.7,28.76,7153200.0
2009-07-01,29.48,29.66,28.88,29.34,9256100.0
2009-06-30,29.84,30.0,29.35,29.4,8002400.0
2009-06-29,29.81,30.06,29.45,29.89,7004300.0
2009-06-26,29.86,29.88,29.51,29.8,7919900.0
2009-06-25,29.82,30.29,29.75,30.0,8548000.0
2009-06-24,29.88,30.15,29.64,30.0,6592700.0
2009-06-23,29.73,30.08,29.12,29.65,7724800.0
2009-06-22,30.06,30.45,29.42,29.64,21039500.0
2009-06-19,31.88,32.0,31.31,31.43,11019900.0
2009-06-18,30.8,31.8,30.8,31.72,8109200.0
2009-06-17,30.53,31.26,30.47,30.7,9815700.0
2009-06-16,30.61,30.71,30.2,30.39,7405300.0
2009-06-15,31.02,31.02,30.17,30.47,5601900.0
2009-06-12,30.84,31.18,30.58,31.18,4511700.0
2009-06-11,30.92,31.31,30.84,30.93,5497600.0
2009-06-10,31.21,31.46,30.78,30.99,6162500.0
2009-06-09,31.33,31.385,30.84,31.11,5310000.0
2009-06-08,30.74,31.58,30.63,31.3,5605700.0
2009-06-05,31.15,31.23,30.5,30.83,6965200.0
2009-06-04,31.37,31.44,30.65,30.93,6448000.0
2009-06-03,31.45,31.6,30.99,31.28,5487300.0
2009-06-02,30.98,31.76,30.9,31.62,7140300.0
2009-06-01,30.19,31.53,30.15,31.14,8906100.0
2009-05-29,30.26,30.29,29.48,29.79,8162800.0
2009-05-28,30.13,30.4,29.35,30.21,8449700.0
2009-05-27,30.71,30.9,30.03,30.13,6096200.0
2009-05-26,29.39,30.93,29.26,30.74,7768800.0
2009-05-22,29.77,30.0,29.39,29.56,3086600.0
2009-05-21,29.87,30.32,29.39,29.77,5438400.0
2009-05-20,30.67,31.29,30.04,30.17,6596000.0
2009-05-19,30.69,30.85,30.49,30.57,4707100.0
2009-05-18,30.07,30.72,29.8,30.7,6393400.0
2009-05-15,30.03,30.13,29.36,29.78,8843700.0
2009-05-14,30.15,30.69,29.91,30.14,5468200.0
2009-05-13,30.85,31.13,29.96,30.16,5591200.0
2009-05-12,31.25,31.63,30.89,31.44,5210600.0
2009-05-11,31.02,31.55,30.71,31.11,4795600.0
2009-05-08,30.77,31.64,30.66,31.39,6560300.0
2009-05-07,31.63,31.63,30.25,30.52,8216900.0
2009-05-06,31.38,31.79,31.0,31.21,5964700.0
2009-05-05,31.38,32.04,31.03,31.42,7582900.0
2009-05-04,31.71,32.2,31.3,31.52,8322500.0
2009-05-01,31.43,31.64,30.7,31.53,8225200.0
2009-04-30,31.46,31.9,31.1,31.43,8990800.0
2009-04-29,30.26,31.77,30.0,31.14,10402300.0
2009-04-28,29.21,30.36,28.94,30.0,6491400.0
2009-04-27,30.0,30.17,29.12,29.25,9671800.0
2009-04-24,29.66,29.94,29.09,29.59,6396900.0
2009-04-23,29.73,30.0,28.9,29.35,7876100.0
2009-04-22,30.32,30.67,29.76,29.86,8323000.0
2009-04-21,29.89,30.74,29.5,30.62,7487700.0
2009-04-20,29.64,30.21,29.55,30.1,10570100.0
2009-04-17,30.53,30.69,29.53,30.02,11554100.0
2009-04-16,29.27,30.65,28.94,30.39,12653400.0
2009-04-15,28.79,29.07,28.02,29.04,7486700.0
2009-04-14,28.85,29.25,28.43,28.9,7564800.0
2009-04-13,28.82,29.35,28.73,29.17,5820200.0
2009-04-09,27.95,29.1,27.76,28.98,10712900.0
2009-04-08,27.55,28.0,27.25,27.72,6365700.0
2009-04-07,26.57,27.63,26.38,27.4,9916500.0
2009-04-06,26.64,26.94,26.34,26.93,7978200.0
2009-04-03,27.36,27.55,26.62,26.91,13963200.0
2009-04-02,27.25,28.0,27.08,27.39,10983800.0
2009-04-01,25.59,26.63,25.5,26.5,8903800.0
2009-03-31,26.25,26.39,25.74,25.96,9304900.0
2009-03-30,25.94,26.16,25.65,25.99,6432700.0
2009-03-27,26.29,26.87,26.14,26.39,7664700.0
2009-03-26,27.0,27.0,26.3,26.56,9753800.0
2009-03-25,26.52,27.5,26.45,26.83,11685000.0
2009-03-24,26.33,26.67,26.1,26.38,10064900.0
2009-03-23,25.8,27.15,25.53,26.58,19490700.0
2009-03-20,24.28,24.81,24.04,24.29,11682100.0
2009-03-19,24.22,24.47,23.67,24.05,8388000.0
2009-03-18,24.19,24.36,23.62,24.02,8838300.0
2009-03-17,23.41,24.35,23.39,24.3,9941500.0
2009-03-16,24.02,24.35,23.36,23.44,7317100.0
2009-03-13,23.48,24.1,23.48,23.88,6638900.0
2009-03-12,22.64,23.51,22.36,23.43,6116600.0
2009-03-11,22.67,23.39,22.51,22.64,7624000.0
2009-03-10,21.84,22.76,21.75,22.6,11148600.0
2009-03-09,21.83,22.29,21.39,21.5,8190500.0
2009-03-06,21.99,22.2,21.59,22.09,13191200.0
2009-03-05,22.39,22.77,21.65,21.84,10473800.0
2009-03-04,23.15,23.16,22.13,22.78,13277100.0
2009-03-03,22.79,23.31,22.54,22.77,15573300.0
2009-03-02,23.38,23.92,23.16,23.24,8696500.0
2009-02-27,23.12,24.18,23.04,23.86,13245700.0
2009-02-26,23.95,24.07,23.27,23.3,8325600.0
2009-02-25,24.29,24.32,23.47,23.52,10107200.0
2009-02-24,24.24,24.78,24.1,24.37,11577700.0
2009-02-23,25.25,25.25,23.76,24.14,14846000.0
2009-02-20,25.68,25.85,24.99,25.08,12459900.0
2009-02-19,26.15,27.25,25.79,25.83,9317800.0
2009-02-18,25.58,25.9,25.08,25.64,6880900.0
2009-02-17,25.73,25.85,25.15,25.46,9826600.0
2009-02-13,27.21,27.35,26.09,26.13,9048300.0
2009-02-12,26.4,27.06,26.17,26.99,6929100.0
2009-02-11,27.28,27.28,26.44,26.89,5419000.0
2009-02-10,27.78,28.08,26.86,27.04,8394600.0
2009-02-09,28.1,28.31,27.4,28.0,6469300.0
2009-02-06,27.64,28.39,27.41,28.16,8531100.0
2009-02-05,26.2,27.7,26.2,27.57,8334000.0
2009-02-04,27.84,28.04,26.83,27.0,9128700.0
2009-02-03,27.58,27.9125,26.13,27.75,11471600.0
2009-02-02,27.15,27.28,26.59,27.02,7997600.0
2009-01-30,28.08,28.24,27.24,27.41,9278500.0
2009-01-29,27.41,28.07,27.41,27.89,9197000.0
2009-01-28,27.4,28.3,27.13,27.89,8932700.0
2009-01-27,27.0,27.16,26.42,27.0,7279700.0
2009-01-26,27.01,27.5,26.63,26.8,9614100.0
2009-01-23,26.33,27.0,26.01,26.93,8555400.0
2009-01-22,25.97,27.35,25.95,26.8,10783600.0
2009-01-21,26.28,26.395,25.68,26.33,7766700.0
2009-01-20,26.82,27.02,25.8,25.94,7714800.0
2009-01-16,27.25,27.37,26.41,26.91,8957000.0
2009-01-15,26.0,27.18,25.91,26.9,11143200.0
2009-01-14,25.82,26.25,25.37,26.14,10070600.0
2009-01-13,25.9,26.15,25.76,26.07,7329500.0
2009-01-12,26.06,26.32,25.77,25.9,5617000.0
2009-01-09,26.47,26.52,25.6,26.15,9359800.0
2009-01-08,26.93,27.0,26.36,26.84,5904100.0
2009-01-07,26.45,27.64,26.33,27.03,8245300.0
2009-01-06,26.76,27.3,26.42,26.71,7691300.0
2009-01-05,25.43,26.97,25.43,26.84,11938400.0
2009-01-02,24.65,25.67,24.61,25.55,5266700.0
2008-12-31,23.96,24.85,23.94,24.67,6572600.0
2008-12-30,23.82,23.96,23.57,23.94,5945900.0
2008-12-29,23.79,24.11,23.43,23.65,6570800.0
2008-12-26,24.17,24.27,23.62,23.82,2461500.0
2008-12-24,24.15,24.27,23.91,24.11,1960200.0
2008-12-23,25.09,25.15,23.84,24.08,6196100.0
2008-12-22,25.0,25.35,24.32,24.98,9989000.0
2008-12-19,26.37,26.58,25.43,26.08,12497300.0
2008-12-18,25.87,26.191,25.41,25.74,6923500.0
2008-12-17,26.08,26.39,25.55,25.73,7905700.0
2008-12-16,25.98,26.54,25.32,26.48,8361400.0
2008-12-15,26.25,26.35,25.51,25.78,5384500.0
2008-12-12,26.0,26.27,25.34,26.15,6476300.0
2008-12-11,26.34,27.01,26.08,26.2,5937400.0
2008-12-10,26.09,26.5,25.88,26.35,4688500.0
2008-12-09,26.16,26.65,25.73,25.92,8402600.0
2008-12-08,26.69,26.71,25.752,26.32,9898100.0
2008-12-05,24.12,26.0,23.7,25.94,10509200.0
2008-12-04,23.75,24.91,23.63,24.47,8774700.0
2008-12-03,23.0,24.26,23.0,24.02,8633700.0
2008-12-02,22.98,23.91,22.77,23.65,7899300.0
2008-12-01,24.48,24.48,22.96,23.06,7028200.0
2008-11-28,24.42,24.9,24.42,24.74,2564500.0
2008-11-26,23.5,24.66,23.24,24.57,6654100.0
2008-11-25,24.69,24.97,23.14,23.81,9826700.0
2008-11-24,23.44,24.56,22.76,24.13,10982800.0
2008-11-21,23.42,23.42,21.5,23.16,12862900.0
2008-11-20,22.81,24.18,22.63,22.85,11340400.0
2008-11-19,23.56,24.59,22.99,23.01,9959000.0
2008-11-18,22.59,23.78,22.5,23.75,8491800.0
2008-11-17,23.09,23.42,22.59,22.65,6921800.0
2008-11-14,24.04,24.88,23.4,23.43,9574000.0
2008-11-13,23.17,24.7,22.35,24.55,9847600.0
2008-11-12,23.26,23.56,22.78,23.0,5827300.0
2008-11-11,23.41,24.29,22.99,23.64,5272800.0
2008-11-10,23.92,24.36,23.27,23.59,5143000.0
2008-11-07,23.58,24.24,23.34,23.88,5775400.0
2008-11-06,24.25,24.82,23.3,23.48,6979900.0
2008-11-05,25.38,25.57,24.34,24.46,6550700.0
2008-11-04,25.32,25.94,24.883,25.62,6958700.0
2008-11-03,25.44,25.85,24.38,24.61,6584500.0
2008-10-31,25.15,26.08,24.91,25.46,9369400.0
2008-10-30,24.64,25.38,24.6,25.2,9733900.0
2008-10-29,24.75,25.01,23.66,23.67,9133000.0
2008-10-28,22.39,24.98,21.87,24.96,14607400.0
2008-10-27,21.92,22.9025,21.28,21.4,10238400.0
2008-10-24,21.79,23.14,21.56,22.59,11002300.0
2008-10-23,23.7,23.82,22.26,23.33,9448600.0
2008-10-22,23.91,24.2,22.75,23.36,9008400.0
2008-10-21,24.33,25.13,24.23,24.35,7835000.0
2008-10-20,23.87,24.63,23.46,24.62,7986400.0
2008-10-17,23.5,24.19,21.8625,23.3,10533000.0
2008-10-16,22.08,23.61,21.545,23.51,17071200.0
2008-10-15,23.0,23.4,21.8,21.91,14550500.0
2008-10-14,25.96,25.96,22.68,23.26,16788000.0
2008-10-13,24.63,24.81,23.89,24.59,11764800.0
2008-10-10,23.86,26.23,22.3,23.22,28559100.0
2008-10-09,26.89,27.27,25.09,25.28,13108800.0
2008-10-08,26.1,27.56,26.09,26.18,12239000.0
2008-10-07,28.1,28.59,26.64,26.74,11195100.0
2008-10-06,27.04,27.83,26.17,27.54,12181800.0
2008-10-03,29.64,29.64,27.85,27.96,10833000.0
2008-10-02,30.09,30.1,29.06,29.12,10580500.0
2008-10-01,30.82,30.96,29.59,29.74,10942000.0
2008-09-30,31.5,31.59,30.65,30.96,13120200.0
2008-09-29,31.7,32.55,30.26,31.0,12548600.0
2008-09-26,31.45,32.95,31.36,32.73,6659300.0
2008-09-25,31.77,32.36,31.71,32.13,6009200.0
2008-09-24,31.64,31.95,31.0,31.62,6304700.0
2008-09-23,31.76,32.01,31.26,31.35,9748300.0
2008-09-22,32.71,32.96,31.71,31.76,8519500.0
2008-09-19,33.74,34.05,32.56,32.96,10764500.0
2008-09-18,32.32,33.15,31.88,32.84,12336200.0
2008-09-17,33.64,33.64,31.85,31.96,14131300.0
2008-09-16,33.94,34.0,32.93,33.48,13000200.0
2008-09-15,35.01,35.65,34.21,34.27,11306500.0
2008-09-12,36.44,36.67,35.92,36.07,6915700.0
2008-09-11,35.61,36.71,35.49,36.67,7945400.0
2008-09-10,35.33,36.05,35.3,35.75,7120700.0
2008-09-09,36.15,36.32,35.13,35.23,8508200.0
2008-09-08,35.5,36.09,34.73,36.0,9512300.0
2008-09-05,34.8,35.09,34.04,34.59,7470900.0
2008-09-04,35.81,35.9,34.86,34.94,8326600.0
2008-09-03,35.97,36.02,35.22,35.92,9278700.0
2008-09-02,36.66,37.24,35.98,36.0,8682000.0
2008-08-29,36.01,36.76,36.01,36.43,5373500.0
2008-08-28,35.65,36.6,35.45,36.52,7003600.0
2008-08-27,35.58,35.7,34.98,35.28,5362300.0
2008-08-26,35.62,35.75,35.13,35.58,4218100.0
2008-08-25,36.26,36.52,35.41,35.56,5168400.0
2008-08-22,36.32,36.73,36.17,36.47,4045600.0
2008-08-21,35.58,36.37,35.4,36.23,3927300.0
2008-08-20,36.48,36.48,35.58,35.83,5702700.0
2008-08-19,36.86,37.0,36.19,36.39,4291800.0
2008-08-18,37.27,37.5,36.82,37.12,4336700.0
2008-08-15,37.3,37.85,36.99,37.27,5181300.0
2008-08-14,36.66,37.5,36.25,37.16,5289000.0
2008-08-13,37.11,37.24,36.42,36.91,6360600.0
2008-08-12,36.52,37.5,36.21,37.1,6331800.0
2008-08-11,36.44,37.3,36.3,36.72,6630600.0
2008-08-08,35.33,36.75,35.05,36.55,6958500.0
2008-08-07,35.58,35.76,35.09,35.24,5054900.0
2008-08-06,35.61,35.9,35.4,35.81,6247900.0
2008-08-05,34.42,35.52,34.38,35.47,6503100.0
2008-08-04,34.01,34.61,33.53,34.34,6614400.0
2008-08-01,34.52,34.58,33.66,33.93,4866800.0
2008-07-31,34.47,34.84,33.88,34.34,6474200.0
2008-07-30,34.02,34.86,33.83,34.15,7337800.0
2008-07-29,33.33,33.9,33.15,33.84,5322000.0
2008-07-28,33.55,33.88,32.91,33.18,5713600.0
2008-07-25,33.89,34.29,33.41,33.56,5423100.0
2008-07-24,34.55,34.81,33.72,33.78,7364800.0
2008-07-23,34.5,35.31,34.17,34.68,7775800.0
2008-07-22,33.61,34.6,33.51,34.39,5735300.0
2008-07-21,34.25,34.43,33.5,33.84,4681900.0
2008-07-18,34.33,34.61,33.79,34.18,6855400.0
2008-07-17,33.66,34.54,32.78,34.31,7982400.0
2008-07-16,32.55,33.63,32.26,33.51,8283300.0
2008-07-15,32.28,32.84,31.69,32.33,9889900.0
2008-07-14,32.89,33.07,32.25,32.5,7469300.0
2008-07-11,32.89,33.21,32.245,32.72,9960900.0
2008-07-10,32.34,33.72,32.3,33.29,15635700.0
2008-07-09,31.99,32.33,31.79,32.09,7835500.0
2008-07-08,31.66,32.25,31.56,31.89,9939200.0
2008-07-07,31.46,31.95,31.34,31.7,10331300.0
2008-07-03,31.26,31.91,31.25,31.45,4882200.0
2008-07-02,32.47,32.47,31.34,31.39,12544100.0
2008-07-01,32.37,32.75,31.99,32.43,10090700.0
2008-06-30,32.96,33.05,32.41,32.51,9262000.0
2008-06-27,32.85,33.41,32.64,32.97,13174100.0
2008-06-26,33.82,33.88,32.85,32.88,8303100.0
2008-06-25,34.06,34.74,33.8,33.95,9152000.0
2008-06-24,34.64,34.64,33.75,33.99,7802000.0
2008-06-23,35.41,36.05,34.27,34.7,10536500.0
2008-06-20,34.97,35.6,34.81,35.07,9062800.0
2008-06-19,35.2,35.68,35.01,35.44,5580200.0
2008-06-18,35.5,35.7,34.95,35.13,6608900.0
2008-06-17,36.36,36.4,35.66,35.73,3961600.0
2008-06-16,35.99,36.4,35.75,36.25,4684500.0
2008-06-13,35.75,36.29,35.4501,36.26,5118000.0
2008-06-12,35.56,36.07,35.2,35.45,4690400.0
2008-06-11,35.69,35.83,35.1195,35.32,6441600.0
2008-06-10,35.41,36.04,35.4,35.7,5884600.0
2008-06-09,35.52,35.848,35.25,35.62,4757500.0
2008-06-06,36.33,36.6999,35.5,35.53,5968800.0
2008-06-05,36.4,37.2,36.2,36.7,6126500.0
2008-06-04,36.17,36.72,36.0,36.34,4705500.0
2008-06-03,36.29,36.55,35.91,36.34,7881000.0
2008-06-02,35.91,36.25,35.5,36.11,5998400.0
2008-05-30,35.9,36.19,35.8124,36.02,4219400.0
2008-05-29,35.45,36.2018,35.4,36.03,6757400.0
2008-05-28,35.66,36.07,35.4,35.58,4763900.0
2008-05-27,35.17,35.86,35.03,35.64,4982300.0
2008-05-23,35.58,35.59,35.09,35.09,4015500.0
2008-05-22,35.39,35.84,35.1375,35.68,4140400.0
2008-05-21,36.19,36.34,35.23,35.28,5153500.0
2008-05-20,36.21,36.72,35.79,36.08,5304000.0
2008-05-19,36.48,36.62,36.08,36.18,4411100.0
2008-05-16,36.55,36.7,35.8,36.37,4378400.0
2008-05-15,36.19,36.7,35.81,36.56,4501900.0
2008-05-14,35.55,36.38,35.34,36.1,4422800.0
2008-05-13,35.53,35.84,35.23,35.46,3674400.0
2008-05-12,35.01,35.54,35.01,35.5,4043400.0
2008-05-09,35.05,35.26,34.9,34.99,3078100.0
2008-05-08,35.4,35.49,35.07,35.17,4016600.0
2008-05-07,35.35,35.94,35.31,35.34,5601300.0
2008-05-06,35.33,35.45,34.84,35.39,5541100.0
2008-05-05,35.3,35.71,35.0,35.4,4631200.0
2008-05-02,35.69,35.9,35.0,35.28,6186200.0
2008-05-01,34.93,36.0,34.59,35.69,6238200.0
2008-04-30,35.72,35.75,34.7,34.85,5923600.0
2008-04-29,35.36,35.77,35.3,35.61,3055700.0
2008-04-28,35.5,35.8,35.32,35.48,4724800.0
2008-04-25,36.0,36.1153,34.97,35.49,6665500.0
2008-04-24,35.66,36.2,35.48,35.82,4614300.0
2008-04-23,35.34,35.9,35.06,35.67,4482200.0
2008-04-22,35.61,35.72,34.97,35.27,4216100.0
2008-04-21,35.69,36.08,35.63,35.79,2653600.0
2008-04-18,36.0,36.43,35.78,35.96,4910800.0
2008-04-17,35.7,35.95,35.6,35.73,3641300.0
2008-04-16,35.64,36.0,35.57,35.78,4235000.0
2008-04-15,35.6,35.86,35.23,35.62,5871800.0
2008-04-14,36.08,36.32,35.13,35.44,6423200.0
2008-04-11,36.28,36.59,35.9,36.08,6750800.0
2008-04-10,36.84,36.89,36.4,36.62,6807200.0
2008-04-09,37.55,37.62,36.65,36.91,5655300.0
2008-04-08,37.86,38.17,37.39,37.62,6441700.0
2008-04-07,38.2,38.64,37.8842,38.05,5094000.0
2008-04-04,38.17,38.41,37.6,37.9,4877000.0
2008-04-03,37.93,38.4,37.93,38.19,3888600.0
2008-04-02,38.79,38.83,37.68,38.14,5737500.0
2008-04-01,38.17,39.0,37.7,38.93,6197000.0
2008-03-31,37.43,38.26,37.24,38.09,6295000.0
2008-03-28,37.29,37.76,37.15,37.43,3882000.0
2008-03-27,38.18,38.35,37.16,37.26,5696200.0
2008-03-26,37.75,38.31,37.564,37.96,4524300.0
2008-03-25,38.66,38.75,37.64,38.01,5740700.0
2008-03-24,38.25,38.89,37.79,38.61,9976500.0
2008-03-20,36.3,36.94,36.0,36.78,10100800.0
2008-03-19,37.05,37.33,36.3,36.38,8394800.0
2008-03-18,35.85,36.87,35.77,36.85,6731000.0
2008-03-17,35.16,36.25,35.16,35.74,7109000.0
2008-03-14,36.72,36.72,35.48,35.96,6648000.0
2008-03-13,36.24,36.74,36.0,36.53,5407900.0
2008-03-12,36.3,37.21,36.26,36.46,5104300.0
2008-03-11,35.42,36.4,35.08,36.36,7013800.0
2008-03-10,35.5,35.98,35.01,35.07,4682400.0
2008-03-07,35.52,36.09,34.76,35.53,5038800.0
2008-03-06,36.4,36.41,35.63,35.64,5212800.0
2008-03-05,37.0,37.15,36.0,36.28,6320300.0
2008-03-04,36.03,37.1,35.9,36.87,8131900.0
2008-03-03,36.44,36.64,35.99,36.45,6173400.0
2008-02-29,37.0,37.19,36.38,36.51,5239500.0
2008-02-28,37.21,37.5,36.925,37.14,4318500.0
2008-02-27,37.42,37.82,37.27,37.41,3998500.0
2008-02-26,37.26,37.98,37.25,37.75,4853600.0
2008-02-25,37.4,37.65,36.76,37.37,5957300.0
2008-02-22,36.65,37.46,36.48,37.41,7957300.0
2008-02-21,36.0,36.69,35.9,36.44,7977300.0
2008-02-20,35.38,36.17,35.29,36.0,5389500.0
2008-02-19,35.66,35.91,35.2,35.42,4366400.0
2008-02-15,35.401,35.62,35.0,35.47,4997100.0
2008-02-14,36.23,36.36,35.33,35.53,4841900.0
2008-02-13,36.44,36.5,36.1,36.2,5655700.0
2008-02-12,36.05,36.5,36.05,36.24,6492000.0
2008-02-11,35.14,36.07,34.9,35.91,6231300.0
2008-02-08,35.23,35.78,34.95,35.08,7497300.0
2008-02-07,34.85,35.36,34.26,34.74,7342600.0
2008-02-06,35.12,35.467,34.4,34.52,6232100.0
2008-02-05,35.59,35.75,34.91,34.95,6487700.0
2008-02-04,36.33,36.35,35.18,35.45,6272700.0
2008-02-01,34.95,36.32,34.62,36.32,8139800.0
2008-01-31,34.17,35.5,33.97,35.04,9901500.0
2008-01-30,34.54,35.0,34.2,34.32,5850400.0
2008-01-29,34.55,34.83,33.92,34.72,6074700.0
2008-01-28,33.56,34.47,33.45,34.45,7115700.0
2008-01-25,35.3,35.51,33.98,34.28,7861600.0
2008-01-24,34.99,35.08,34.24,34.99,9071400.0
2008-01-23,33.48,35.66,33.3,35.45,14346900.0
2008-01-22,32.68,34.43,32.5,34.07,13406300.0
2008-01-18,33.5,34.8,33.17,33.71,11116300.0
2008-01-17,33.3,33.73,33.11,33.34,9080700.0
2008-01-16,32.8,33.6,32.76,33.24,8514500.0
2008-01-15,33.165,33.25,32.8,33.01,8780400.0
2008-01-14,33.74,33.9,33.13,33.31,6754300.0
2008-01-11,34.28,34.4,33.53,33.7,7983700.0
2008-01-10,33.56,34.92,33.5,34.52,9405500.0
2008-01-09,34.21,34.5,33.09,33.75,14386600.0
2008-01-08,35.1,35.5,34.1,34.23,9053600.0
2008-01-07,34.38,35.2,34.26,35.07,7723200.0
2008-01-04,34.83,34.98,34.18,34.29,11552400.0
2008-01-03,35.79,36.0,34.91,35.06,16204900.0
2008-01-02,37.99,38.665,37.25,37.34,7298800.0
2007-12-31,38.43,38.62,38.0,38.08,4065000.0
2007-12-28,38.43,39.0,38.4,38.62,3901800.0
2007-12-27,38.26,38.71,38.16,38.38,3578900.0
2007-12-26,39.02,39.02,38.4,38.62,3828000.0
2007-12-24,38.46,39.25,38.08,39.02,4078000.0
2007-12-21,38.5,39.0,38.34,38.47,15495000.0
2007-12-20,35.97,36.49,35.86,36.25,13390000.0
2007-12-19,37.09,37.35,36.37,36.38,8677200.0
2007-12-18,37.04,37.44,36.35,37.24,9285200.0
2007-12-17,36.51,37.09,36.45,36.85,9013300.0
2007-12-14,36.22,37.17,36.22,36.59,8984200.0
2007-12-13,36.58,36.85,36.52,36.65,9308100.0
2007-12-12,37.49,37.9,36.5,37.0,9694100.0
2007-12-11,37.37,37.92,36.79,36.9,7991800.0
2007-12-10,37.11,37.56,37.02,37.24,5408100.0
2007-12-07,36.5,37.18,36.5,37.11,7293500.0
2007-12-06,36.46,37.04,36.42,36.59,6409400.0
2007-12-05,35.98,36.49,35.82,36.46,9204900.0
2007-12-04,36.51,36.58,35.8,35.81,9602700.0
2007-12-03,36.98,36.98,36.35,36.4,6246400.0
2007-11-30,37.31,37.56,36.5,36.59,11113700.0
2007-11-29,38.11,38.33,37.06,37.29,11721400.0
2007-11-28,38.24,38.63,37.51,38.31,10124000.0
2007-11-27,39.35,39.56,37.76,38.29,9595700.0
2007-11-26,39.65,39.98,39.11,39.21,5539800.0
2007-11-23,39.74,39.99,39.55,39.73,2776300.0
2007-11-21,39.74,39.86,39.34,39.4,5286800.0
2007-11-20,39.26,40.04,39.15,39.77,9499200.0
2007-11-19,39.75,39.81,39.01,39.28,7977000.0
2007-11-16,39.94,40.21,39.53,39.97,9346700.0
2007-11-15,39.67,40.07,39.51,39.59,9683700.0
2007-11-14,39.2,40.35,39.2,39.75,19071200.0
2007-11-13,38.69,39.29,38.65,39.1,8254900.0
2007-11-12,38.01,39.15,38.01,38.44,6212800.0
2007-11-09,38.9,38.9,38.09,38.1,5996900.0
2007-11-08,38.41,39.15,38.06,39.03,8090700.0
2007-11-07,38.23,39.24,38.01,38.49,7879600.0
2007-11-06,38.71,38.82,38.03,38.58,6655600.0
2007-11-05,38.5,39.0,38.33,38.68,6230200.0
2007-11-02,39.06,39.28,38.65,39.11,5680600.0
2007-11-01,39.6,39.69,38.92,39.03,6128700.0
2007-10-31,39.42,39.96,39.0,39.65,7035700.0
2007-10-30,39.68,39.75,39.33,39.48,4908800.0
2007-10-29,40.11,40.25,39.42,39.7,5822600.0
2007-10-26,40.02,40.4,39.9,40.18,6097300.0
2007-10-25,39.53,40.25,39.53,39.98,10866600.0
2007-10-24,38.26,39.52,38.25,39.45,15145500.0
2007-10-23,37.97,38.34,37.5,38.26,12517000.0
2007-10-22,37.84,37.97,37.1,37.7,12170400.0
2007-10-19,38.34,38.37,37.77,37.85,8623100.0
2007-10-18,38.3,38.4,37.77,38.37,8360600.0
2007-10-17,38.8,38.92,38.09,38.37,7380900.0
2007-10-16,38.65,38.75,38.42,38.67,7448500.0
2007-10-15,38.78,38.93,38.5,38.8,7832500.0
2007-10-12,38.87,39.14,38.71,38.82,6888500.0
2007-10-11,39.0,39.3,38.66,38.68,13238600.0
2007-10-10,39.28,39.43,38.84,38.87,8020300.0
2007-10-09,39.09,39.67,39.07,39.19,9628600.0
2007-10-08,39.15,39.31,38.8,39.13,9347500.0
2007-10-05,39.6,39.79,39.12,39.3,14619200.0
2007-10-04,39.5,40.03,39.31,39.77,12753700.0
2007-10-03,39.99,40.05,39.1353,39.44,16749800.0
2007-10-02,40.3,40.33,38.66,40.08,39885000.0
2007-10-01,41.44,47.24,39.94,40.16,67445800.0
2007-09-28,47.78,47.81,47.03,47.24,5641900.0
2007-09-27,47.72,48.09,47.29,47.93,5201700.0
2007-09-26,46.48,48.05,46.32,47.71,7173600.0
2007-09-25,45.68,47.11,45.49,46.89,6900600.0
2007-09-24,45.47,46.0,45.0,45.75,3581200.0
2007-09-21,45.42,45.97,45.22,45.41,5966100.0
2007-09-20,45.93,46.04,45.17,45.35,6491700.0
2007-09-19,46.3,46.85,45.92,46.05,4007800.0
2007-09-18,45.23,46.44,45.2,46.2,4329700.0
2007-09-17,45.04,45.42,45.04,45.09,2162200.0
2007-09-14,45.08,45.44,44.96,45.28,4055500.0
2007-09-13,45.38,45.62,45.1,45.42,3624600.0
2007-09-12,44.71,45.5,44.68,45.03,4276000.0
2007-09-11,44.2,44.88,44.05,44.85,3278600.0
2007-09-10,44.25,44.42,43.74,44.05,3934200.0
2007-09-07,44.76,44.8,43.78,44.15,6207600.0
2007-09-06,45.2,45.43,44.79,45.08,3519700.0
2007-09-05,45.69,45.69,44.94,45.14,5018600.0
2007-09-04,45.01,45.5,44.9,45.43,3228300.0
2007-08-31,44.94,45.32,44.6,45.07,3357900.0
2007-08-30,44.44,45.1,44.3,44.62,3356000.0
2007-08-29,43.75,44.85,43.75,44.84,4000000.0
2007-08-28,44.39,44.41,43.6,43.6,4314800.0
2007-08-27,44.88,45.16,44.33,44.39,3411200.0
2007-08-24,44.96,45.1,44.68,45.1,3271300.0
2007-08-23,45.16,45.3,44.54,44.81,4420900.0
2007-08-22,45.26,45.38,44.81,45.02,3227400.0
2007-08-21,45.08,45.44,44.81,45.02,4119200.0
2007-08-20,45.61,45.79,44.88,44.96,4038000.0
2007-08-17,45.73,46.0,45.05,45.67,6673000.0
2007-08-16,44.11,45.27,43.99,45.12,9209300.0
2007-08-15,45.04,45.31,44.52,44.61,7690600.0
2007-08-14,45.5,45.8,45.1,45.23,5539000.0
2007-08-13,46.5,46.5,45.22,45.64,7773500.0
2007-08-10,47.01,47.02,46.12,46.42,8232900.0
2007-08-09,45.99,47.72,45.6,47.14,10692700.0
2007-08-08,45.5,46.52,45.28,46.33,7668800.0
2007-08-07,44.85,45.73,44.8,45.5,6871200.0
2007-08-06,43.75,45.2,43.75,45.15,6625000.0
2007-08-03,44.75,44.92,44.07,44.09,5324300.0
2007-08-02,44.73,45.01,44.49,44.81,5065100.0
2007-08-01,44.17,44.76,44.1,44.73,5768800.0
2007-07-31,45.35,45.53,44.18,44.18,6319200.0
2007-07-30,44.8,45.06,44.25,44.83,5767300.0
2007-07-27,45.16,45.75,44.55,44.55,6442900.0
2007-07-26,45.52,45.9,44.95,45.2,9405900.0
2007-07-25,45.35,45.84,44.8,45.62,6448000.0
2007-07-24,45.51,45.82,44.97,45.08,7128900.0
2007-07-23,45.4,45.74,45.34,45.65,6733700.0
2007-07-20,45.14,45.84,44.83,45.49,10285700.0
2007-07-19,44.82,45.27,44.68,45.17,5443700.0
2007-07-18,44.25,44.94,44.25,44.8,6243100.0
2007-07-17,44.87,44.96,44.26,44.53,9412700.0
2007-07-16,44.98,45.1,44.71,44.96,4004300.0
2007-07-13,45.1,45.42,44.65,45.2,3948800.0
2007-07-12,44.41,45.21,44.16,45.1,7085500.0
2007-07-11,44.0,44.23,43.56,44.16,6444900.0
2007-07-10,44.39,44.65,43.98,44.07,7065800.0
2007-07-09,44.56,44.94,44.35,44.69,5982100.0
2007-07-06,43.91,44.59,43.89,44.41,5601200.0
2007-07-05,43.69,43.98,43.67,43.91,4729100.0
2007-07-03,43.89,43.89,43.5,43.85,3284400.0
2007-07-02,43.84,43.92,43.58,43.71,5070400.0
2007-06-29,43.84,43.94,43.3094,43.54,4046800.0
2007-06-28,43.83,43.95,43.43,43.53,6300100.0
2007-06-27,43.75,44.21,43.67,44.07,5003700.0
2007-06-26,44.26,44.466,43.64,43.73,7393600.0
2007-06-25,45.4,45.5,43.97,44.25,9553200.0
2007-06-22,44.68,45.47,44.55,44.97,9282700.0
2007-06-21,43.67,44.86,43.66,44.85,6809000.0
2007-06-20,43.85,43.86,43.53,43.66,5955400.0
2007-06-19,44.02,44.2,43.59,43.66,6293200.0
2007-06-18,44.25,44.42,43.95,44.27,4436700.0
2007-06-15,44.22,44.75,44.21,44.26,5751900.0
2007-06-14,44.0,44.16,43.72,43.85,4593600.0
2007-06-13,43.81,44.46,43.76,44.0,4748200.0
2007-06-12,44.1,44.34,43.48,43.49,4536500.0
2007-06-11,44.32,44.55,44.17,44.25,2869300.0
2007-06-08,43.93,44.4,43.93,44.31,4000400.0
2007-06-07,44.3,44.49,43.95,43.95,6613900.0
2007-06-06,44.7,44.98,44.28,44.29,5419300.0
2007-06-05,45.22,45.42,44.95,44.96,3895200.0
2007-06-04,45.1,45.44,45.03,45.23,3476400.0
2007-06-01,45.1207,45.43,45.01,45.13,5027900.0
2007-05-31,45.24,45.44,45.06,45.13,3822900.0
2007-05-30,45.2,45.92,45.17,45.25,4850100.0
2007-05-29,45.22,45.53,45.08,45.37,3911600.0
2007-05-25,44.66,45.43,44.55,45.09,2859100.0
2007-05-24,44.6,45.0,44.48,44.59,4173400.0
2007-05-23,44.81,45.09,44.69,44.69,3297600.0
2007-05-22,45.04,45.25,44.69,44.77,3276600.0
2007-05-21,45.63,45.85,45.02,45.12,2993900.0
2007-05-18,45.39,45.79,45.2,45.74,5314100.0
2007-05-17,45.3,45.65,45.11,45.34,4796800.0
2007-05-16,44.5,45.3,44.22,45.28,4990500.0
2007-05-15,44.46,45.12,44.15,44.47,6483600.0
2007-05-14,44.11,44.38,44.0,44.23,4073900.0
2007-05-11,44.51,44.69,44.03,44.14,4075000.0
2007-05-10,44.95,45.23,44.45,44.47,4888600.0
2007-05-09,44.93,45.3,44.87,45.15,4120700.0
2007-05-08,44.87,45.3,44.78,44.98,5314900.0
2007-05-07,44.75,45.13,44.66,45.05,3688600.0
2007-05-04,44.6,44.92,44.4805,44.82,4148600.0
2007-05-03,44.78,45.0,44.36,44.55,3867900.0
2007-05-02,44.55,44.96,44.3,44.58,5973400.0
2007-05-01,43.93,44.4,43.5,44.23,6414800.0
2007-04-30,45.0,45.12,43.87,43.9,8621800.0
2007-04-27,45.71,45.76,45.02,45.02,4258300.0
2007-04-26,45.88,46.25,45.75,45.83,3761700.0
2007-04-25,45.94,46.16,45.72,45.98,5081500.0
2007-04-24,45.92,46.34,45.53,45.89,8259100.0
2007-04-23,45.87,46.1,45.75,45.87,3771400.0
2007-04-20,46.38,46.56,45.56,45.8,6186100.0
2007-04-19,46.0,46.2,45.76,45.95,3157000.0
2007-04-18,45.91,46.17,45.75,45.96,3762100.0
2007-04-17,46.13,46.15,45.86,45.98,2870000.0
2007-04-16,46.02,46.33,45.9,46.13,2875200.0
2007-04-13,46.61,46.61,45.65,45.92,2810900.0
2007-04-12,46.03,46.08,45.52,45.93,3060000.0
2007-04-11,46.67,46.67,45.69,45.99,5061200.0
2007-04-10,46.52,46.77,46.3,46.67,5542300.0
2007-04-09,46.3,46.72,45.97,46.6,4394600.0
2007-04-05,46.0,46.44,45.95,46.24,2889600.0
2007-04-04,46.3,46.37,45.83,46.0,3658500.0
2007-04-03,45.91,46.47,45.86,46.2,4259100.0
2007-04-02,45.91,46.01,45.56,45.81,3400800.0
2007-03-30,46.2,46.36,45.52,45.89,4593700.0
2007-03-29,46.36,46.61,45.92,46.2,4047700.0
2007-03-28,46.68,46.7,45.88,46.35,6319000.0
2007-03-27,47.11,47.32,46.83,46.94,5416000.0
2007-03-26,48.95,49.1,46.68,47.3,9782800.0
2007-03-23,47.34,47.86,47.01,47.77,4247600.0
2007-03-22,47.05,47.41,46.51,47.37,4215500.0
2007-03-21,46.37,47.18,46.05,47.07,8700800.0
2007-03-20,46.52,46.82,46.15,46.37,5361700.0
2007-03-19,46.74,46.95,46.43,46.53,6307900.0
2007-03-16,45.74,46.7,45.44,46.26,9581800.0
2007-03-15,44.5,46.21,44.35,45.72,9551100.0
2007-03-14,44.28,45.05,43.91,44.6,7327400.0
2007-03-13,44.46,45.42,44.11,44.14,6790100.0
2007-03-12,44.52,44.95,44.42,44.79,3340800.0
2007-03-09,44.62,44.91,44.35,44.59,3947800.0
2007-03-08,44.2,45.18,44.06,44.62,5775600.0
2007-03-07,44.22,44.5,43.91,44.05,4115800.0
2007-03-06,44.2,44.61,43.8,44.45,4921400.0
2007-03-05,43.47,44.75,43.23,43.91,5495000.0
2007-03-02,44.24,44.61,43.82,44.16,6861300.0
2007-03-01,44.02,44.85,43.32,44.63,4655500.0
2007-02-28,44.63,45.18,44.41,44.7,5491200.0
2007-02-27,45.17,45.39,43.39,44.62,5873800.0
2007-02-26,45.33,45.57,45.13,45.52,3486600.0
2007-02-23,45.64,45.75,45.21,45.32,3661200.0
2007-02-22,45.79,45.83,45.13,45.61,4137500.0
2007-02-21,46.3,46.42,45.79,45.88,3649600.0
2007-02-20,45.83,46.49,45.8,46.32,3462700.0
2007-02-16,46.06,46.14,45.55,46.01,3913700.0
2007-02-15,44.93,46.31,44.93,46.1,6269500.0
2007-02-14,44.94,45.2,44.81,44.93,3354000.0
2007-02-13,45.08,45.26,44.83,44.97,3620600.0
2007-02-12,45.41,45.5,45.08,45.1,4630200.0
2007-02-09,45.71,45.85,45.37,45.43,2676200.0
2007-02-08,45.43,45.78,45.16,45.76,3994800.0
2007-02-07,45.4,45.75,45.07,45.43,3534300.0
2007-02-06,44.9,45.44,44.74,45.36,3606900.0
2007-02-05,45.32,45.38,44.83,44.9,3681200.0
2007-02-02,45.74,45.99,45.3,45.32,3692700.0
2007-02-01,45.32,45.88,45.28,45.74,5131100.0
2007-01-31,45.29,45.5,44.81,45.3,4550300.0
2007-01-30,45.53,45.84,45.05,45.24,3762100.0
2007-01-29,45.23,45.58,44.93,45.4,3658100.0
2007-01-26,45.2,45.3448,44.8,45.19,3438600.0
2007-01-25,45.27,45.54,45.05,45.14,4029200.0
2007-01-24,45.53,45.94,45.15,45.51,4264300.0
2007-01-23,45.77,45.9215,45.31,45.58,3020600.0
2007-01-22,46.21,46.21,45.49,45.8,3933400.0
2007-01-19,46.49,46.5,46.01,46.01,3092400.0
2007-01-18,46.52,46.6,46.03,46.4,3236900.0
2007-01-17,45.99,46.55,45.8,46.51,3922900.0
2007-01-16,46.01,46.4,45.9,46.09,2725900.0
2007-01-12,46.06,46.39,45.6,46.2,3305300.0
2007-01-11,45.58,46.1,45.47,46.06,4501600.0
2007-01-10,45.59,45.94,45.45,45.58,3663400.0
2007-01-09,45.75,46.08,45.6,45.93,3792500.0
2007-01-08,45.39,45.74,44.93,45.69,4720800.0
2007-01-05,46.01,46.31,45.39,45.5,3680900.0
2007-01-04,45.78,46.28,45.72,46.16,3681800.0
2007-01-03,45.89,46.69,45.6,46.07,6294500.0
2006-12-29,46.2,46.36,45.76,45.89,2788000.0
2006-12-28,46.2,46.68,46.05,46.07,2580200.0
2006-12-27,46.74,46.76,45.76,46.14,4070400.0
2006-12-26,46.86,46.86,46.05,46.39,3720000.0
2006-12-22,47.02,47.28,46.09,46.68,7192900.0
2006-12-21,45.85,46.39,45.66,45.96,4489000.0
2006-12-20,44.9,46.13,44.9,45.63,4481900.0
2006-12-19,45.17,45.94,44.66,45.66,5967400.0
2006-12-18,44.52,45.84,44.5,45.25,8003700.0
2006-12-15,44.7,45.11,44.48,44.5,5807800.0
2006-12-14,44.0,44.8,43.97,44.6,5110100.0
2006-12-13,44.2,44.42,43.7,44.1,3756400.0
2006-12-12,44.0,44.3,43.75,44.03,4382600.0
2006-12-11,43.45,44.18,43.21,44.11,5560700.0
2006-12-08,43.15,43.86,43.05,43.63,4388800.0
2006-12-07,43.69,44.149,43.12,43.24,5603800.0
2006-12-06,43.2,44.52,43.05,43.66,10053700.0
2006-12-05,42.5,43.28,42.32,43.16,10893900.0
2006-12-04,40.85,42.34,40.66,42.34,11310600.0
2006-12-01,40.45,40.9,40.05,40.27,7630000.0
2006-11-30,40.98,41.1,40.34,40.49,5427700.0
2006-11-29,40.78,41.31,40.5,40.74,8454400.0
2006-11-28,40.1,40.95,39.91,40.83,7508100.0
2006-11-27,40.57,40.6015,40.01,40.1,7775300.0
2006-11-24,40.77,41.0,40.66,40.66,1797000.0
2006-11-22,41.17,41.18,40.65,41.04,5280800.0
2006-11-21,41.42,41.432,41.05,41.19,10403700.0
2006-11-20,42.05,42.1,41.61,41.87,7176700.0
2006-11-17,42.6,42.72,41.7,42.0,11167900.0
2006-11-16,42.6,42.98,42.51,42.72,5893600.0
2006-11-15,42.43,42.99,42.23,42.79,7979200.0
2006-11-14,42.2,42.44,42.0,42.27,7831400.0
2006-11-13,42.35,42.43,42.01,42.07,4892400.0
2006-11-10,42.15,42.75,42.15,42.37,4017800.0
2006-11-09,43.11,43.24,42.04,42.11,8554900.0
2006-11-08,43.5,43.61,43.01,43.2,5900000.0
2006-11-07,43.34,43.78,43.17,43.61,4058700.0
2006-11-06,43.02,43.57,42.95,43.49,5040300.0
2006-11-03,42.5,43.09,42.3,42.82,7429600.0
2006-11-02,42.16,42.56,41.8,42.21,9307400.0
2006-11-01,43.25,43.38,41.42,42.11,15121500.0
2006-10-31,43.25,43.75,42.86,43.68,7149600.0
2006-10-30,42.92,43.61,42.87,43.43,4394200.0
2006-10-27,43.05,43.28,42.76,42.84,4655800.0
2006-10-26,43.19,43.47,42.96,43.34,4877300.0
2006-10-25,43.71,44.05,42.88,43.02,6058600.0
2006-10-24,43.39,44.19,43.31,43.87,5104900.0
2006-10-23,43.4,43.92,43.08,43.69,7935700.0
2006-10-20,43.85,43.9,43.4,43.58,4927400.0
2006-10-19,43.55,43.92,43.34,43.85,6366900.0
2006-10-18,44.0,44.45,43.62,44.18,6010900.0
2006-10-17,44.36,44.6,44.131,44.2,3686300.0
2006-10-16,44.32,44.83,44.08,44.34,3847600.0
2006-10-13,44.58,44.76,44.03,44.38,4104600.0
2006-10-12,44.25,44.8,44.21,44.56,7917500.0
2006-10-11,43.12,44.15,43.06,44.11,9997400.0
2006-10-10,43.8,43.9,43.02,43.12,7890500.0
2006-10-09,42.6,43.2,42.48,43.09,7795300.0
2006-10-06,43.34,43.34,41.36,42.66,24279300.0
2006-10-05,45.07,45.1,42.76,43.39,20529900.0
2006-10-04,44.4,44.88,44.0,44.88,5764500.0
2006-10-03,44.0,44.75,43.43,44.43,8456100.0
2006-10-02,44.55,44.779,43.39,43.42,8020800.0
2006-09-29,44.86,44.99,44.18,44.39,7760800.0
2006-09-28,45.599,45.6,44.5,44.91,7974600.0
2006-09-27,45.85,45.97,45.19,45.25,10830000.0
2006-09-26,44.419,45.86,44.419,45.11,11999400.0
2006-09-25,46.499,46.5,42.95,44.47,23940400.0
2006-09-22,46.62,47.19,45.45,46.9,12625100.0
2006-09-21,49.15,49.16,46.0,46.28,24629700.0
2006-09-20,50.0,50.12,49.74,49.95,3528300.0
2006-09-19,49.66,49.92,49.37,49.91,2874100.0
2006-09-18,49.95,49.95,49.25,49.42,3327700.0
2006-09-15,50.3,50.3,49.4,49.96,4991100.0
2006-09-14,49.31,50.21,49.0334,49.96,6271200.0
2006-09-13,50.9,51.05,49.24,49.31,16838800.0
2006-09-12,51.48,51.5,50.92,51.0,5043900.0
2006-09-11,50.69,51.6,50.4,51.48,3373200.0
2006-09-08,50.15,50.99,49.83,50.91,3414200.0
2006-09-07,50.57,50.78,50.22,50.25,3575800.0
2006-09-06,49.93,50.83,49.9001,50.57,4907200.0
2006-09-05,49.97,50.0,49.85,49.9,3410300.0
2006-09-01,49.6,49.9,49.4,49.85,2411300.0
2006-08-31,49.23,49.55,48.84,49.46,2416900.0
2006-08-30,48.88,49.35,48.51,49.27,1942300.0
2006-08-29,48.82,49.25,48.65,49.04,2252700.0
2006-08-28,47.97,49.11,47.93,49.0,2549100.0
2006-08-25,47.98,48.16,47.75,47.82,2342200.0
2006-08-24,48.64,48.7,48.11,48.16,2782200.0
2006-08-23,48.64,48.79,47.94,48.45,2019700.0
2006-08-22,48.9,49.044,48.5,48.67,2077700.0
2006-08-21,48.42,49.1,48.41,48.84,2668400.0
2006-08-18,49.66,49.72,48.61,48.65,3576000.0
2006-08-17,49.27,50.0,49.23,49.64,2914800.0
2006-08-16,49.58,49.75,49.14,49.37,2947100.0
2006-08-15,49.1,49.8,49.07,49.61,3518300.0
2006-08-14,48.42,49.44,48.41,48.66,3051400.0
2006-08-11,48.23,48.59,48.08,48.42,1938100.0
2006-08-10,47.99,48.59,47.87,48.49,3526700.0
2006-08-09,48.99,49.16,47.85,47.92,4033600.0
2006-08-08,48.71,49.13,48.58,48.87,3445100.0
2006-08-07,48.5,48.61,48.0,48.41,1956700.0
2006-08-04,48.5,48.95,48.28,48.61,3945100.0
2006-08-03,47.7,48.42,47.52,48.36,4915600.0
2006-08-02,46.68,47.73,46.28,47.7,3308100.0
2006-08-01,46.5,46.84,45.8801,46.7,2732500.0
2006-07-31,46.9,47.04,46.59,46.78,2746000.0
2006-07-28,47.63,47.93,46.89,46.93,3136100.0
2006-07-27,47.77,48.0,47.09,47.46,3836600.0
2006-07-26,47.71,47.88,47.31,47.54,3018400.0
2006-07-25,47.29,48.17,47.01,47.94,3356700.0
2006-07-24,46.7,47.49,46.7,47.38,3394100.0
2006-07-21,47.39,47.52,46.49,46.55,4273800.0
2006-07-20,47.41,47.68,47.05,47.15,3474400.0
2006-07-19,46.93,47.7,46.87,47.59,4537800.0
2006-07-18,46.5,46.79,46.03,46.68,4340500.0
2006-07-17,45.92,46.9187,45.91,46.5,4670300.0
2006-07-14,46.17,46.55,45.64,45.99,4769800.0
2006-07-13,46.5,46.73,46.21,46.42,2977900.0
2006-07-12,46.82,46.99,46.5,46.71,3388600.0
2006-07-11,46.6,47.0,46.11,46.8,3986100.0
2006-07-10,46.24,46.8,46.15,46.73,4443100.0
2006-07-07,45.24,46.04,45.23,45.85,5376200.0
2006-07-06,45.12,45.71,45.11,45.55,3436600.0
2006-07-05,45.1,45.65,44.87,45.11,4249300.0
2006-07-03,44.84,45.25,44.71,45.24,1420000.0
2006-06-30,45.25,45.29,44.8,44.84,3142300.0
2006-06-29,44.5,45.37,44.36,45.27,5247500.0
2006-06-28,44.34,44.59,43.93,44.35,4251200.0
2006-06-27,44.1,44.45,44.05,44.34,5223500.0
2006-06-26,43.98,44.1,43.71,44.1,5582700.0
2006-06-23,43.36,43.82,43.36,43.61,3772000.0
2006-06-22,43.8,43.896,43.22,43.6,4946000.0
2006-06-21,43.45,43.92,43.3,43.8,4320600.0
2006-06-20,42.97,43.45,42.87,43.45,3333700.0
2006-06-19,43.25,43.44,42.89,42.97,3276000.0
2006-06-16,43.17,43.77,42.97,43.2,3899400.0
2006-06-15,43.2,43.49,42.88,43.39,3967400.0
2006-06-14,42.44,43.12,42.43,43.08,4954600.0
2006-06-13,42.25,42.97,42.0,42.5,5184900.0
2006-06-12,42.75,42.96,42.25,42.25,3319900.0
2006-06-09,41.83,42.82,41.8,42.73,4053800.0
2006-06-08,41.39,42.01,40.98,41.82,5228800.0
2006-06-07,41.78,42.02,41.29,41.29,4112400.0
2006-06-06,41.2,42.21,41.2,41.58,5169200.0
2006-06-05,42.43,42.89,41.81,41.86,4228500.0
2006-06-02,41.1,42.81,41.0,42.65,6774700.0
2006-06-01,40.55,40.99,40.45,40.6,4846700.0
2006-05-31,40.37,40.61,40.15,40.6,3664600.0
2006-05-30,40.98,41.18,40.12,40.2,2662900.0
2006-05-26,41.41,41.49,41.09,41.3,1664700.0
2006-05-25,41.4,41.49,40.98,41.3,4153000.0
2006-05-24,40.97,41.32,40.45,41.18,5098100.0
2006-05-23,41.25,41.77,40.95,40.97,3916400.0
2006-05-22,40.89,41.52,40.85,41.25,4081600.0
2006-05-19,40.4,41.55,40.37,41.2,5971300.0
2006-05-18,39.76,40.64,39.76,40.37,4079800.0
2006-05-17,39.56,40.03,39.55,39.8,3834600.0
2006-05-16,40.51,40.65,39.91,39.91,4433900.0
2006-05-15,39.77,40.6,39.65,40.6,4641100.0
2006-05-12,40.66,40.73,39.9,39.97,4718200.0
2006-05-11,41.22,41.43,40.49,40.65,4513800.0
2006-05-10,41.49,41.74,41.05,41.36,3114100.0
2006-05-09,41.93,42.42,41.6,41.75,4453500.0
2006-05-08,41.61,42.34,41.61,41.93,3873900.0
2006-05-05,41.24,41.64,40.95,41.54,4295000.0
2006-05-04,41.3,41.41,40.67,40.95,7241300.0
2006-05-03,41.31,41.48,41.0,41.14,4030300.0
2006-05-02,41.62,41.95,41.28,41.49,3230900.0
2006-05-01,42.6,42.78,41.57,41.62,4609100.0
2006-04-28,41.81,42.07,41.78,41.93,3947600.0
2006-04-27,41.53,42.54,41.53,41.93,3255600.0
2006-04-26,41.87,42.37,41.75,42.23,1871800.0
2006-04-25,42.21,42.54,41.76,41.82,2973800.0
2006-04-24,42.5,42.53,42.0,42.2,2385200.0
2006-04-21,43.05,43.05,41.95,42.41,3185200.0
2006-04-20,43.25,43.4,42.75,42.82,3158900.0
2006-04-19,42.99,43.57,42.99,43.45,3541000.0
2006-04-18,42.57,43.15,42.54,42.82,3708600.0
2006-04-17,42.93,43.18,42.13,42.36,3574100.0
2006-04-13,43.02,43.42,42.86,43.12,2704200.0
2006-04-12,43.2,43.43,43.01,43.01,2719400.0
2006-04-11,43.74,43.82,42.82,43.0,3073900.0
2006-04-10,43.33,44.02,43.31,43.72,3103900.0
2006-04-07,43.99,44.63,43.26,43.33,3892800.0
2006-04-06,43.41,43.9,43.11,43.89,3376800.0
2006-04-05,43.41,43.7,43.3,43.49,2021100.0
2006-04-04,42.82,43.44,42.7,43.28,5441300.0
2006-04-03,43.3,43.59,42.79,42.9,3856100.0
2006-03-31,43.54,43.8,43.03,43.13,3325900.0
2006-03-30,44.0,44.08,43.37,43.52,3189000.0
2006-03-29,44.1,44.34,43.93,44.0,3052700.0
2006-03-28,44.65,44.75,43.56,43.95,5734800.0
2006-03-27,44.42,45.06,44.1,45.02,4527400.0
2006-03-24,44.51,45.3,44.15,44.37,3103800.0
2006-03-23,44.5,44.96,44.35,44.57,2193600.0
2006-03-22,44.51,44.77,43.99,44.69,3807700.0
2006-03-21,45.18,45.2,44.23,44.69,4252300.0
2006-03-20,45.11,45.35,44.92,45.05,1860600.0
2006-03-17,45.26,45.41,45.0301,45.32,3323300.0
2006-03-16,45.36,45.41,44.83,44.94,3137300.0
2006-03-15,45.67,45.88,45.09,45.11,2884300.0
2006-03-14,45.0,45.89,44.76,45.85,2983400.0
2006-03-13,45.36,46.07,45.2,45.43,2651000.0
2006-03-10,44.77,45.52,44.72,45.45,2273300.0
2006-03-09,45.1,45.11,44.68,44.8,2729700.0
2006-03-08,44.28,45.65,44.22,45.22,3808000.0
2006-03-07,43.93,44.33,43.65,44.14,2527200.0
2006-03-06,44.2,44.39,43.74,43.83,2543000.0
2006-03-03,44.65,45.02,44.28,44.39,2419500.0
2006-03-02,44.57,45.04,44.41,44.62,3520700.0
2006-03-01,45.03,45.05,44.31,44.65,2809000.0
2006-02-28,45.38,45.71,44.82,44.86,3021700.0
2006-02-27,45.65,45.96,45.56,45.68,2068700.0
2006-02-24,45.87,45.93,45.12,45.44,2465700.0
2006-02-23,45.92,46.27,45.81,45.98,1972600.0
2006-02-22,46.09,46.39,45.82,46.15,2308900.0
2006-02-21,46.0,46.19,45.48,45.83,2931300.0
2006-02-17,45.9,46.15,45.55,45.91,2743700.0
2006-02-16,45.8,46.36,45.53,45.9,3957700.0
2006-02-15,44.9,45.83,44.695,45.76,4114700.0
2006-02-14,44.1,44.83,43.9,44.76,4196500.0
2006-02-13,42.87,43.44,42.82,43.38,1770400.0
2006-02-10,42.87,43.36,42.61,43.26,1896600.0
2006-02-09,43.27,43.44,42.88,43.0,2334800.0
2006-02-08,43.18,43.49,43.08,43.39,3664000.0
2006-02-07,43.65,44.01,43.08,43.29,3252600.0
2006-02-06,43.52,43.83,43.15,43.77,2538800.0
2006-02-03,43.36,43.9,43.22,43.67,3239000.0
2006-02-02,44.0,44.2,43.12,43.69,3888200.0
2006-02-01,43.17,43.41,42.61,43.34,3287500.0
2006-01-31,42.95,43.67,42.9,43.28,3258100.0
2006-01-30,42.95,43.13,42.75,42.82,1717000.0
2006-01-27,43.27,43.67,42.72,42.89,2683000.0
2006-01-26,42.93,43.06,42.61,42.99,2785300.0
2006-01-25,42.52,42.69,42.15,42.5,3707300.0
2006-01-24,42.5,43.06,42.13,42.7,2868800.0
2006-01-23,43.0,43.0,42.41,42.42,3851400.0
2006-01-20,44.31,44.35,43.0,43.13,4434700.0
2006-01-19,44.38,44.68,44.08,44.39,2777200.0
2006-01-18,43.78,44.5115,43.63,43.91,3865100.0
2006-01-17,43.39,44.0,43.05,43.78,4022300.0
2006-01-13,43.69,43.77,43.14,43.39,2771700.0
2006-01-12,43.2,43.59,43.2,43.35,4961800.0
2006-01-11,43.2,43.42,43.06,43.2,3749200.0
2006-01-10,43.69,43.92,43.22,43.28,4929700.0
2006-01-09,43.1,43.93,43.05,43.91,4396800.0
2006-01-06,43.8,44.76,43.22,43.37,4205500.0
2006-01-05,43.69,43.9,43.4,43.58,4568900.0
2006-01-04,45.08,45.15,43.95,43.98,5900300.0
2006-01-03,44.63,45.498,44.34,45.39,5217300.0
2005-12-30,43.84,44.39,43.84,44.26,2921700.0
2005-12-29,44.17,44.4,44.02,44.09,2266600.0
2005-12-28,44.4,44.72,44.28,44.29,1787900.0
2005-12-27,44.9,44.97,44.1754,44.27,3194200.0
2005-12-23,45.09,45.2515,44.8,45.02,1734200.0
2005-12-22,44.68,45.54,44.68,45.09,2659200.0
2005-12-21,45.4,45.78,45.1,45.3,2275000.0
2005-12-20,45.55,45.9,45.1,45.34,2444300.0
2005-12-19,46.7,46.7,45.45,45.57,2197700.0
2005-12-16,46.47,46.82,46.17,46.29,4251100.0
2005-12-15,46.9,47.0,46.11,46.26,2039700.0
2005-12-14,46.28,46.95,46.12,46.86,2549700.0
2005-12-13,46.55,46.56,45.97,46.23,2666900.0
2005-12-12,46.46,46.95,46.46,46.64,1786700.0
2005-12-09,46.38,46.67,45.91,46.36,2163800.0
2005-12-08,46.65,46.97,46.11,46.25,2771200.0
2005-12-07,46.18,46.66,46.0,46.65,2695100.0
2005-12-06,46.23,47.05,46.21,46.28,3416400.0
2005-12-05,46.18,46.43,45.33,45.95,4763300.0
2005-12-02,46.24,46.75,46.03,46.17,2617300.0
2005-12-01,45.77,46.25,45.29,46.11,4224100.0
2005-11-30,47.0,47.05,45.65,45.68,4204900.0
2005-11-29,47.63,47.64,46.56,46.96,3542800.0
2005-11-28,47.8,47.88,47.14,47.63,2790900.0
2005-11-25,47.95,48.0,47.24,47.9,822800.0
2005-11-23,47.58,48.25,47.48,47.8,2186500.0
2005-11-22,47.1,47.82,46.96,47.79,2304900.0
2005-11-21,47.14,47.33,46.97,47.18,2025300.0
2005-11-18,46.97,47.6999,46.79,47.19,3247400.0
2005-11-17,46.29,47.01,46.1901,46.97,2448800.0
2005-11-16,45.89,46.35,45.7,46.29,2370500.0
2005-11-15,46.8,46.89,45.786,45.94,4066900.0
2005-11-14,46.87,47.1,46.59,46.87,2897700.0
2005-11-11,46.9,47.37,46.76,47.07,2546900.0
2005-11-10,46.4,47.25,45.976,47.2,3105700.0
2005-11-09,46.33,46.66,46.11,46.25,3665000.0
2005-11-08,46.42,46.53,46.05,46.32,2340100.0
2005-11-07,46.37,46.92,46.17,46.69,3112600.0
2005-11-04,45.86,46.2,45.57,46.09,2992000.0
2005-11-03,44.88,46.1,44.88,45.69,6801100.0
2005-11-02,45.16,45.16,44.53,44.63,5793100.0
2005-11-01,45.43,45.43,44.88,45.16,4693900.0
2005-10-31,45.25,45.68,44.99,45.43,4603600.0
2005-10-28,44.36,44.7,43.94,44.7,4463400.0
2005-10-27,44.58,44.66,43.83,43.94,2489600.0
2005-10-26,44.95,45.46,44.58,44.58,2739200.0
2005-10-25,45.45,45.45,44.91,45.14,3600100.0
2005-10-24,45.15,45.5,44.95,45.44,3097300.0
2005-10-21,45.26,45.35,44.63,45.02,3299900.0
2005-10-20,45.9,46.3,44.93,45.08,4666200.0
2005-10-19,43.54,45.7,43.36,45.65,5389700.0
2005-10-18,44.25,44.32,43.61,43.72,3328000.0
2005-10-17,43.9,44.45,43.63,44.41,3403500.0
2005-10-14,43.21,44.08,42.8,44.0,2971300.0
2005-10-13,43.14,43.6,42.62,43.39,3416000.0
2005-10-12,44.0,44.01,42.8,43.37,4428200.0
2005-10-11,43.86,44.42,43.86,44.12,4264100.0
2005-10-10,43.83,44.34,43.73,44.04,3710200.0
2005-10-07,44.0,44.23,43.59,44.0,4200400.0
2005-10-06,43.87,44.49,43.5,43.98,6745500.0
2005-10-05,44.18,44.35,43.67,43.87,3505600.0
2005-10-04,43.74,44.78,43.68,44.14,5577200.0
2005-10-03,43.45,43.89,43.1,43.19,2919500.0
2005-09-30,43.25,43.48,42.8,43.45,3020900.0
2005-09-29,42.59,43.31,42.05,43.25,4283000.0
2005-09-28,43.31,43.47,42.53,42.6,5120000.0
2005-09-27,42.25,43.35,41.93,43.17,7661900.0
2005-09-26,42.0,42.3,40.98,41.5,10867000.0
2005-09-23,42.84,42.95,42.5,42.51,5010700.0
2005-09-22,42.54,43.12,42.18,42.84,6407200.0
2005-09-21,42.9,43.69,42.03,42.81,4939200.0
2005-09-20,44.49,44.71,43.2,43.35,4100900.0
2005-09-19,45.21,45.22,44.38,44.54,2514500.0
2005-09-16,44.71,45.17,44.44,45.17,4830300.0
2005-09-15,44.71,44.9318,44.24,44.45,2207100.0
2005-09-14,45.09,45.2,44.37,44.71,2957500.0
2005-09-13,45.5,45.6,44.8,44.92,3025100.0
2005-09-12,44.91,45.4,44.8,45.28,2668100.0
2005-09-09,44.89,45.26,44.8,44.91,2666000.0
2005-09-08,44.5,45.62,44.44,44.89,3379100.0
2005-09-07,45.67,46.08,45.32,46.05,2688400.0
2005-09-06,44.77,45.88,44.25,45.78,4209800.0
2005-09-02,45.75,46.3,45.05,45.13,3960400.0
2005-09-01,46.22,46.75,45.49,45.75,3735700.0
2005-08-31,45.67,46.35,45.15,46.33,3712600.0
2005-08-30,46.2,46.27,45.37,45.65,3139000.0
2005-08-29,46.1,46.45,45.75,46.34,2102800.0
2005-08-26,46.35,46.65,46.03,46.14,2159800.0
2005-08-25,46.31,46.78,46.21,46.5,1978600.0
2005-08-24,47.08,47.21,46.26,46.29,2934800.0
2005-08-23,46.79,47.3,46.55,47.08,1839700.0
2005-08-22,47.05,47.46,46.3,46.79,2873500.0
2005-08-19,47.62,47.73,46.9,46.91,2386900.0
2005-08-18,47.45,47.8,47.3,47.39,1979500.0
2005-08-17,47.18,47.9,47.05,47.58,1848400.0
2005-08-16,48.3,48.31,47.3,47.39,2585600.0
2005-08-15,47.96,48.44,47.65,48.3,1613000.0
2005-08-12,48.34,48.45,47.8,47.94,2162200.0
2005-08-11,48.2,48.61,47.9,48.34,2398700.0
2005-08-10,48.23,49.01,48.03,48.2,2931700.0
2005-08-09,47.64,48.25,47.29,48.23,2603900.0
2005-08-08,47.37,47.55,47.14,47.28,2311200.0
2005-08-05,47.73,47.85,47.25,47.29,1944300.0
2005-08-04,48.0,48.06,47.25,47.73,3062100.0
2005-08-03,47.8,48.16,47.48,48.16,2513200.0
2005-08-02,47.95,48.07,47.68,47.97,2765100.0
2005-08-01,48.32,48.57,47.82,47.95,2472200.0
2005-07-29,47.98,48.18,47.75,47.86,2582100.0
2005-07-28,46.93,48.09,46.93,48.0,3709100.0
2005-07-27,46.57,46.88,46.5,46.8,1949300.0
2005-07-26,46.7,46.93,46.37,46.57,2335000.0
2005-07-25,46.73,46.83,46.2,46.37,1879900.0
2005-07-22,46.35,46.77,46.17,46.68,1902400.0
2005-07-21,47.18,47.18,46.3,46.51,1858100.0
2005-07-20,46.56,47.3,46.49,47.21,2185500.0
2005-07-19,46.97,47.14,46.65,46.8,2381000.0
2005-07-18,47.1,47.24,46.8,46.9,2412500.0
2005-07-15,46.85,47.25,46.83,47.1,2330200.0
2005-07-14,47.25,47.67,46.8,46.84,3060400.0
2005-07-13,47.45,47.6,46.86,47.0,2522300.0
2005-07-12,47.14,47.67,47.031,47.56,2352800.0
2005-07-11,47.14,47.38,46.9,47.28,1707500.0
2005-07-08,46.4,47.0,46.2,46.89,2106400.0
2005-07-07,46.17,46.6,45.81,46.48,2783200.0
2005-07-06,46.46,46.56,46.0,46.54,2859100.0
2005-07-05,46.2,46.83,46.17,46.7,2383600.0
2005-07-01,46.24,46.35,45.95,46.08,2165900.0
2005-06-30,46.22,46.69,45.81,45.99,3363200.0
2005-06-29,47.26,47.39,46.43,46.62,3101700.0
2005-06-28,46.1,47.291,46.02,47.29,5224500.0
2005-06-27,44.86,46.25,44.86,45.85,5298700.0
2005-06-24,44.86,45.2,44.0,44.38,3333900.0
2005-06-23,44.45,45.5,44.45,44.82,2450800.0
2005-06-22,45.27,45.7,45.16,45.4,1761500.0
2005-06-21,45.45,45.69,45.16,45.22,2046600.0
2005-06-20,45.62,45.87,45.41,45.59,1847200.0
2005-06-17,46.5,46.68,45.75,45.89,3445600.0
2005-06-16,46.04,46.44,45.78,45.98,2096800.0
2005-06-15,46.43,46.5,45.53,46.11,2574400.0
2005-06-14,46.02,46.39,46.02,46.24,2187300.0
2005-06-13,46.05,46.43,45.93,46.07,2324800.0
2005-06-10,46.1,46.34,45.83,46.1,2787400.0
2005-06-09,45.55,46.18,45.52,46.0,2403600.0
2005-06-08,45.95,46.0,45.45,45.55,1893100.0
2005-06-07,45.98,46.2,45.77,45.77,2888600.0
2005-06-06,45.88,46.25,45.71,45.81,2318400.0
2005-06-03,46.2,46.5,45.85,45.87,2116400.0
2005-06-02,45.75,46.26,45.72,46.2,2796300.0
2005-06-01,45.34,45.34,45.34,45.34,2775500.0
2005-05-31,45.5,45.74,45.0,45.34,2566700.0
2005-05-27,45.8,46.15,45.47,45.52,1898500.0
2005-05-26,45.95,46.21,45.86,45.96,1850600.0
2005-05-25,45.7,45.9,45.35,45.76,1616100.0
2005-05-24,45.93,46.0,45.5,45.7,2507500.0
2005-05-23,46.6,46.74,46.0,46.31,2428500.0
2005-05-20,46.38,46.38,45.73,45.97,2760300.0
2005-05-19,45.77,46.54,45.75,46.43,2901500.0
2005-05-18,45.54,46.2,45.51,45.9,2925000.0
2005-05-17,44.46,45.58,44.46,45.51,2630600.0
2005-05-16,44.18,44.92,44.05,44.86,2262400.0
2005-05-13,43.96,44.43,43.85,44.05,2056600.0
2005-05-12,44.03,44.45,43.87,44.05,2102300.0
2005-05-11,43.78,44.14,43.04,43.99,2561600.0
2005-05-10,44.07,44.27,43.64,43.78,2364700.0
2005-05-09,43.96,44.5,43.86,44.43,1622300.0
2005-05-06,44.3,44.69,43.95,44.09,2086500.0
2005-05-05,43.86,44.64,43.85,44.18,2030900.0
2005-05-04,43.52,44.18,43.51,44.05,2900900.0
2005-05-03,43.72,43.99,43.5,43.77,2657800.0
2005-05-02,43.3,43.99,43.3,43.72,2592900.0
2005-04-29,42.91,43.13,42.33,43.06,3034000.0
2005-04-28,43.0,43.45,42.63,42.76,3021800.0
2005-04-27,42.64,43.31,42.4,43.3,2299500.0
2005-04-26,42.59,43.44,42.58,42.62,3023300.0
2005-04-25,42.25,42.75,42.0,42.61,2492600.0
2005-04-22,42.4,42.47,41.51,41.87,3229400.0
2005-04-21,42.14,42.55,41.74,42.55,3172800.0
2005-04-20,42.86,43.09,42.07,42.09,3153800.0
2005-04-19,42.88,42.88,42.88,42.88,4051800.0
2005-04-18,42.8,43.35,42.79,42.88,2810900.0
2005-04-15,43.25,43.79,43.03,43.07,3466500.0
2005-04-14,43.82,43.9,43.38,43.53,3164300.0
2005-04-13,43.65,44.01,43.6,43.82,2896300.0
2005-04-12,43.93,44.01,43.34,43.75,4267900.0
2005-04-11,44.19,44.5,44.06,44.18,1761600.0
2005-04-08,44.31,44.5,44.13,44.17,2177600.0
2005-04-07,44.28,44.65,43.91,44.55,2537500.0
2005-04-06,44.45,44.85,44.23,44.41,2186400.0
2005-04-05,44.17,44.83,44.17,44.62,2427300.0
2005-04-04,43.74,44.33,43.4,44.31,2928500.0
2005-04-01,44.51,44.6,43.4,43.71,3982600.0
2005-03-31,44.93,45.0,44.28,44.42,3328600.0
2005-03-30,44.6,45.5,44.45,45.0,4341900.0
2005-03-29,44.85,45.09,44.13,44.6,4361900.0
2005-03-28,45.51,45.92,44.67,45.11,5430200.0
2005-03-24,46.4,46.6,45.55,46.23,4081600.0
2005-03-23,45.35,46.75,45.16,46.47,5934300.0
2005-03-22,45.3,45.9,45.24,45.75,4072300.0
2005-03-21,45.2,45.48,45.0,45.27,4375100.0
2005-03-18,44.47,45.21,44.353,45.2,7414900.0
2005-03-17,43.57,44.22,43.33,44.18,3364300.0
2005-03-16,43.8,43.8,43.12,43.44,2548900.0
2005-03-15,44.5,44.65,43.7,43.91,2578300.0
2005-03-14,44.12,44.5,43.79,44.34,1808700.0
2005-03-11,44.08,44.34,43.75,44.11,1766000.0
2005-03-10,43.88,44.41,43.85,44.18,2309900.0
2005-03-09,44.21,44.33,43.7,43.96,2934100.0
2005-03-08,44.59,44.87,44.38,44.5,3035500.0
2005-03-07,45.04,45.04,45.04,45.04,3017900.0
2005-03-04,44.83,45.07,44.25,45.04,4113400.0
2005-03-03,44.19,44.85,44.08,44.65,4089300.0
2005-03-02,43.57,44.16,42.11,43.77,3646000.0
2005-03-01,43.01,43.6,42.84,43.54,2462500.0
2005-02-28,42.62,43.11,42.39,42.83,2565000.0
2005-02-25,42.25,42.82,42.06,42.66,1938200.0
2005-02-24,42.07,42.42,41.68,42.34,2658500.0
2005-02-23,41.31,42.2,41.31,42.07,3057100.0
2005-02-22,42.64,42.64,42.0,42.0,2840100.0
2005-02-18,42.99,42.99,42.53,42.88,2218100.0
2005-02-17,43.27,43.43,42.775,42.94,3211500.0
2005-02-16,42.05,43.62,41.95,43.58,4536600.0
2005-02-15,42.3,42.5,42.1,42.37,3135900.0
2005-02-14,42.59,42.7416,42.25,42.25,4003400.0
2005-02-11,43.41,43.42,42.4116,42.81,4612400.0
2005-02-10,43.34,43.58,42.84,43.49,1772100.0
2005-02-09,43.67,43.82,43.24,43.32,1808900.0
2005-02-08,43.33,43.9,43.3,43.66,2458400.0
2005-02-07,44.02,44.08,43.32,43.63,2361300.0
2005-02-04,43.97,44.19,43.86,44.17,2167900.0
2005-02-03,43.42,43.9,43.42,43.78,2805000.0
2005-02-02,43.48,44.08,43.33,43.65,3231100.0
2005-02-01,42.61,43.33,42.35,42.95,3633400.0
2005-01-31,42.98,43.19,42.42,42.61,2358800.0
2005-01-28,42.0,43.0,41.86,42.87,3566600.0
2005-01-27,42.09,42.3,41.85,42.14,1930100.0
2005-01-26,41.98,42.34,41.89,42.06,1984000.0
2005-01-25,41.82,42.15,41.6,41.97,3081800.0
2005-01-24,42.22,42.43,41.68,41.7,4162500.0
2005-01-21,43.15,43.15,42.15,42.22,4783500.0
2005-01-20,42.8,43.27,42.79,43.07,4122000.0
2005-01-19,43.08,43.1,42.67,43.03,5319800.0
2005-01-18,41.38,43.24,41.28,43.16,6129000.0
2005-01-14,41.39,41.66,41.35,41.63,3061900.0
2005-01-13,41.92,41.92,41.25,41.28,2968200.0
2005-01-12,41.76,41.98,41.55,41.92,2560400.0
2005-01-11,41.64,41.81,41.52,41.67,2491200.0
2005-01-10,41.73,41.96,41.52,41.64,3163100.0
2005-01-07,41.19,41.8,41.02,41.5,2946400.0
2005-01-06,41.05,41.32,40.83,41.14,4816400.0
2005-01-05,40.09,41.4,40.03,41.12,6850200.0
2005-01-04,40.35,40.35,39.9,40.09,6618200.0
2005-01-03,39.75,40.46,39.66,40.38,9757800.0
2004-12-31,38.98,38.98,38.35,38.37,2348900.0
2004-12-30,38.91,38.94,38.71,38.79,1299700.0
2004-12-29,38.65,38.87,38.52,38.79,1614900.0
2004-12-28,38.78,38.93,38.58,38.79,1787200.0
2004-12-27,38.97,39.2,38.6,38.61,1749100.0
2004-12-23,38.93,39.1,38.7,38.74,1708500.0
2004-12-22,38.85,39.06,38.73,38.95,2544300.0
2004-12-21,38.55,38.98,38.32,38.77,2329300.0
2004-12-20,38.41,38.74,38.32,38.6,2184000.0
2004-12-17,38.52,38.93,38.2,38.32,3880100.0
2004-12-16,39.04,39.25,38.71,38.93,2010800.0
2004-12-15,39.09,39.29,38.7,39.0,2050100.0
2004-12-14,39.25,39.37,38.95,39.18,2125200.0
2004-12-13,38.87,39.35,38.57,39.13,2019300.0
2004-12-10,38.69,39.03,38.65,38.87,1613300.0
2004-12-09,38.43,38.95,38.23,38.94,1925400.0
2004-12-08,38.24,38.54,38.13,38.31,2448500.0
2004-12-07,38.92,38.93,38.15,38.24,3348700.0
2004-12-06,38.74,39.05,38.55,38.93,1979800.0
2004-12-03,38.71,39.25,38.6,38.98,2245000.0
2004-12-02,38.75,39.24,38.6,38.92,2874100.0
2004-12-01,38.23,39.04,38.11,38.98,2873000.0
2004-11-30,38.6,38.77,38.15,38.18,3240800.0
2004-11-29,38.63,38.76,38.3,38.46,2308600.0
2004-11-26,38.6,38.88,38.57,38.62,570000.0
2004-11-24,38.28,38.72,38.28,38.54,1975200.0
2004-11-23,38.1,38.45,37.96,38.21,2421000.0
2004-11-22,38.23,38.56,37.84,38.25,2480800.0
2004-11-19,38.82,38.94,38.01,38.1,2347300.0
2004-11-18,38.2,38.9,38.11,38.81,2423400.0
2004-11-17,38.7,38.7,38.1,38.22,2718100.0
2004-11-16,39.25,39.4,38.65,38.69,2287300.0
2004-11-15,39.24,39.51,39.0,39.48,1759200.0
2004-11-12,38.93,39.28,38.75,39.24,1952700.0
2004-11-11,39.1,39.24,38.78,39.03,2158900.0
2004-11-10,39.0,39.28,38.68,38.85,2088000.0
2004-11-09,38.5,39.29,38.46,39.01,3727100.0
2004-11-08,38.37,38.76,38.1,38.59,3769300.0
2004-11-05,37.84,38.69,37.78,38.58,4154400.0
2004-11-04,37.15,37.79,37.03,37.79,2771300.0
2004-11-03,37.18,37.4,36.89,37.12,2577600.0
2004-11-02,36.19,37.07,36.19,36.93,4650200.0
2004-11-01,35.95,36.27,35.63,36.18,3011100.0
2004-10-29,36.07,36.09,35.65,35.89,2611200.0
2004-10-28,35.96,36.17,35.75,36.05,2404000.0
2004-10-27,35.55,36.17,35.39,36.17,3353400.0
2004-10-26,35.4,35.72,35.05,35.68,2950300.0
2004-10-25,35.5,35.65,35.12,35.45,2821100.0
2004-10-22,36.09,36.29,35.48,35.5,2085900.0
2004-10-21,35.9,36.14,35.81,36.1,2215700.0
2004-10-20,36.0,36.3,36.0,36.14,2269200.0
2004-10-19,36.43,36.64,36.14,36.14,2779500.0
2004-10-18,35.7,36.5,35.7,36.43,2563400.0
2004-10-15,35.6,35.82,35.46,35.69,2724000.0
2004-10-14,35.69,35.8,35.4,35.41,2402000.0
2004-10-13,35.81,36.26,35.604,35.69,2501900.0
2004-10-12,35.75,36.23,35.5,35.97,3089100.0
2004-10-11,35.94,36.21,35.7,35.8,2114100.0
2004-10-08,36.15,36.51,35.85,35.96,3101100.0
2004-10-07,37.0,37.26,36.62,36.62,1965700.0
2004-10-06,36.39,36.94,36.23,36.94,3098000.0
2004-10-05,36.18,36.41,35.96,36.35,2138900.0
2004-10-04,36.75,36.75,36.17,36.18,3059800.0
2004-10-01,35.87,36.59,35.87,36.07,3196400.0
2004-09-30,36.3,36.43,35.7,35.83,3686100.0
2004-09-29,36.02,36.64,36.0,36.49,2631700.0
2004-09-28,36.71,36.73,35.93,36.15,2710100.0
2004-09-27,36.3,36.89,36.3,36.48,3043500.0
2004-09-24,36.18,36.36,35.93,36.26,2328200.0
2004-09-23,36.75,36.79,36.04,36.06,2737500.0
2004-09-22,36.62,36.64,36.2,36.3,2761200.0
2004-09-21,36.93,37.19,36.8,36.98,1986200.0
2004-09-20,37.1,37.19,36.72,36.88,1681300.0
2004-09-17,37.22,37.48,36.8,37.07,2850600.0
2004-09-16,37.21,37.39,36.98,37.01,1937100.0
2004-09-15,37.3,37.38,36.76,37.21,3001500.0
2004-09-14,37.85,37.85,37.02,37.2,3522000.0
2004-09-13,37.7,37.98,37.43,37.85,2398100.0
2004-09-10,37.47,37.75,37.1,37.69,1363000.0
2004-09-09,37.8,37.9,37.38,37.43,2727900.0
2004-09-08,37.8,38.0,37.62,37.65,1877900.0
2004-09-07,37.73,38.07,37.43,37.73,2292500.0
2004-09-03,37.35,38.07,37.35,37.76,2112100.0
2004-09-02,36.26,37.47,36.25,37.35,2696700.0
2004-09-01,36.45,36.67,35.9,36.29,2212300.0
2004-08-31,36.39,36.45,35.95,36.45,1900100.0
2004-08-30,36.65,36.69,36.25,36.3,1214600.0
2004-08-27,36.78,36.8,36.41,36.64,1345000.0
2004-08-26,36.79,36.9,36.65,36.76,1888600.0
2004-08-25,36.8,37.0,36.45,36.8,2179700.0
2004-08-24,36.93,37.0,36.66,36.74,1625400.0
2004-08-23,36.92,37.05,36.36,36.56,2488600.0
2004-08-20,37.12,37.16,36.65,37.0,2366000.0
2004-08-19,37.51,37.69,36.92,37.12,2453000.0
2004-08-18,36.96,37.76,36.96,37.74,2256400.0
2004-08-17,37.0,37.37,36.89,37.16,2872100.0
2004-08-16,36.09,37.0,36.09,36.89,2379800.0
2004-08-13,36.0,36.39,35.88,36.09,1667500.0
2004-08-12,36.0,36.52,35.99,36.0,2689000.0
2004-08-11,35.5,36.44,35.42,36.27,2633500.0
2004-08-10,35.32,35.8,35.27,35.8,1716900.0
2004-08-09,35.3,35.5,35.09,35.24,1586700.0
2004-08-06,35.59,35.59,34.89,35.0,3076800.0
2004-08-05,36.41,36.71,35.56,35.69,2005500.0
2004-08-04,36.4,36.82,36.12,36.65,2268600.0
2004-08-03,36.55,36.78,35.91,36.45,3269400.0
2004-08-02,36.17,36.8,35.91,36.67,2070200.0
2004-07-30,36.78,36.84,36.25,36.4,2344600.0
2004-07-29,36.87,37.12,36.6,36.88,1994300.0
2004-07-28,37.02,37.3,36.41,36.88,2279700.0
2004-07-27,35.94,37.62,35.94,37.24,4298400.0
2004-07-26,36.33,36.39,35.68,35.94,2369600.0
2004-07-23,36.29,36.77,36.02,36.33,2703300.0
2004-07-22,36.25,36.71,36.11,36.51,2000900.0
2004-07-21,36.78,37.11,36.44,36.44,2398300.0
2004-07-20,37.2,37.31,36.6,36.93,3210900.0
2004-07-19,37.5,37.82,37.19,37.2,2964500.0
2004-07-16,37.48,37.5,36.95,37.41,3500300.0
2004-07-15,37.07,37.4,37.05,37.19,3690400.0
2004-07-14,36.9,37.2,36.82,36.85,4045100.0
2004-07-13,36.18,37.25,36.17,37.09,3367700.0
2004-07-12,36.5,36.64,36.17,36.32,2027000.0
2004-07-09,36.37,36.61,36.13,36.39,2548000.0
2004-07-08,36.22,36.54,36.19,36.2,2966500.0
2004-07-07,35.47,36.4332,35.47,36.39,2516400.0
2004-07-06,35.67,35.89,35.48,35.69,1741500.0
2004-07-02,35.65,36.33,35.51,35.67,2564700.0
2004-07-01,36.03,36.05,35.35,35.65,2835700.0
2004-06-30,36.4,36.4,35.92,36.21,2556400.0
2004-06-29,36.31,36.64,36.21,36.21,2204800.0
2004-06-28,35.94,36.66,35.86,36.27,2800600.0
2004-06-25,36.33,36.44,35.82,35.9,2024500.0
2004-06-24,36.2,36.45,36.01,36.15,2485600.0
2004-06-23,36.18,36.35,35.86,36.25,2303500.0
2004-06-22,35.83,36.2,35.65,36.18,2961500.0
2004-06-21,35.01,35.98,35.01,35.77,5078200.0
2004-06-18,34.88,34.9,34.54,34.9,3330500.0
2004-06-17,34.94,34.94,34.68,34.88,1201100.0
2004-06-16,34.95,34.97,34.5,34.93,1979600.0
2004-06-15,34.93,34.95,34.67,34.83,3258000.0
2004-06-14,34.37,34.9,34.35,34.72,2263100.0
2004-06-10,34.8,34.8,34.3,34.62,2293000.0
2004-06-09,35.0,35.15,34.57,34.65,1828700.0
2004-06-08,34.5,35.0,34.5,35.0,1819200.0
2004-06-07,34.5,34.84,34.26,34.77,1835200.0
2004-06-04,34.7,34.75,34.27,34.38,2289100.0
2004-06-03,34.58,35.04,34.55,34.55,2727900.0
2004-06-02,35.1,35.11,34.52,34.8,3450000.0
2004-06-01,35.05,35.2,34.57,35.19,2252600.0
2004-05-28,35.11,35.24,34.93,35.01,1787600.0
2004-05-27,34.75,35.54,34.59,35.23,3350100.0
2004-05-26,34.76,34.96,34.27,34.57,2484900.0
2004-05-25,34.25,35.04,34.08,34.95,2722000.0
2004-05-24,34.0,34.29,33.99,34.19,2588000.0
2004-05-21,33.69,34.15,33.61,33.83,1953600.0
2004-05-20,33.68,34.0,33.58,33.66,2386300.0
2004-05-19,34.27,34.73,33.68,33.68,3857200.0
2004-05-18,33.55,34.28,33.55,34.01,2333500.0
2004-05-17,33.46,33.7,33.28,33.55,3476700.0
2004-05-14,33.67,33.95,33.3,33.6,2824200.0
2004-05-13,33.8,34.04,33.6,33.73,3107800.0
2004-05-12,33.85,34.75,33.43,33.91,3831700.0
2004-05-11,34.3,34.53,33.8,33.88,3374900.0
2004-05-10,34.22,34.83,34.22,34.42,3429500.0
2004-05-07,34.47,34.97,34.41,34.55,2913700.0
2004-05-06,35.07,35.07,34.36,34.72,2415800.0
2004-05-05,34.9,35.15,34.64,35.07,2656800.0
2004-05-04,35.1,35.25,34.8,35.02,4180500.0
2004-05-03,34.85,35.089,34.81,35.01,4605800.0
2004-04-30,34.05,34.65,33.85,34.48,3633300.0
2004-04-29,33.95,34.58,33.8,34.02,2674800.0
2004-04-28,34.05,34.23,33.92,33.97,2364700.0
2004-04-27,33.68,34.63,33.55,34.25,4942300.0
2004-04-26,33.35,33.75,32.84,33.4,2809200.0
2004-04-23,32.77,33.15,32.63,32.93,1547200.0
2004-04-22,32.5,33.4,32.4,32.82,2936600.0
2004-04-21,32.54,32.79,32.49,32.65,2659200.0
2004-04-20,32.9,33.43,32.52,32.52,3413600.0
2004-04-19,32.7,32.81,32.46,32.65,2792000.0
2004-04-16,33.18,33.18,32.77,32.82,2314400.0
2004-04-15,32.85,32.97,32.75,32.84,2789100.0
2004-04-14,32.9,33.11,32.71,32.85,2737800.0
2004-04-13,33.38,33.68,33.03,33.15,3559100.0
2004-04-12,32.94,33.5,32.73,33.37,3840400.0
2004-04-08,33.77,33.77,32.98,33.11,2792600.0
2004-04-07,33.72,33.85,33.5,33.52,3134900.0
2004-04-06,33.53,33.88,33.45,33.85,3420400.0
2004-04-05,33.0,33.81,32.92,33.81,4001300.0
2004-04-02,33.3,33.49,32.82,33.0,4093300.0
2004-04-01,32.94,33.1,32.67,32.89,3555000.0
2004-03-31,33.27,33.27,32.87,32.95,2939000.0
2004-03-30,33.17,33.3,32.76,33.21,2950900.0
2004-03-29,33.0,33.4,32.92,33.17,4471600.0
2004-03-26,33.4,33.4,32.71,32.95,2900600.0
2004-03-25,32.63,33.6,32.61,33.53,4318300.0
2004-03-24,32.5,32.7,32.43,32.51,4422700.0
2004-03-23,32.76,32.88,32.32,32.45,2639900.0
2004-03-22,33.0,33.1,32.0,32.76,6053600.0
2004-03-19,33.2,33.85,33.07,33.51,3315500.0
2004-03-18,33.62,33.68,32.81,33.51,3762800.0
2004-03-17,33.5,34.18,33.5,33.81,2076300.0
2004-03-16,34.0,34.14,33.2,33.5,2970100.0
2004-03-15,33.77,34.29,33.67,33.95,2582500.0
2004-03-12,33.76,33.95,33.58,33.95,2510000.0
2004-03-11,34.18,34.37,33.69,33.76,3138800.0
2004-03-10,34.3,34.65,34.19,34.33,3502500.0
2004-03-09,34.7,34.8,34.27,34.3,3098200.0
2004-03-08,35.18,35.25,34.86,34.94,1968300.0
2004-03-05,34.8,35.25,34.65,35.11,3384000.0
2004-03-04,35.02,35.08,34.81,34.96,2804400.0
2004-03-03,35.02,35.27,35.01,35.12,2764200.0
2004-03-02,35.5,35.71,35.12,35.25,3336500.0
2004-03-01,35.55,35.8,35.48,35.76,2168900.0
2004-02-27,35.57,35.99,35.51,35.66,3756700.0
2004-02-26,35.45,35.58,35.23,35.5,2307500.0
2004-02-25,35.45,35.62,35.35,35.52,2405700.0
2004-02-24,35.33,35.6,35.08,35.48,3266300.0
2004-02-23,35.2,35.69,35.11,35.36,3134700.0
2004-02-20,35.17,35.47,35.02,35.2,4319100.0
2004-02-19,35.1,35.16,34.81,34.95,3095500.0
2004-02-18,34.92,35.06,34.5,34.69,2269800.0
2004-02-17,34.52,35.02,34.52,34.92,2056800.0
2004-02-13,34.9,35.17,34.27,34.47,2178000.0
2004-02-12,34.9,35.25,34.83,34.98,2184500.0
2004-02-11,34.57,35.05,34.55,34.87,2962600.0
2004-02-10,34.3,35.0,34.24,34.76,4501400.0
2004-02-09,34.98,35.01,34.03,34.12,5369200.0
2004-02-06,33.65,34.31,33.63,34.29,3945100.0
2004-02-05,34.47,34.63,33.68,33.75,4703000.0
2004-02-04,34.5,34.9,34.4,34.5,2702800.0
2004-02-03,34.6,34.65,34.26,34.5,2790600.0
2004-02-02,34.51,35.03,34.36,34.69,2543800.0
2004-01-30,34.55,34.86,34.37,34.55,1803700.0
2004-01-29,34.15,34.65,34.12,34.55,2637500.0
2004-01-28,34.64,35.17,34.39,34.42,3692400.0
2004-01-27,34.75,34.78,34.38,34.57,2742100.0
2004-01-26,34.73,35.05,34.5,34.95,2667800.0
2004-01-23,34.64,35.01,34.46,34.86,2334500.0
2004-01-22,34.81,34.94,34.45,34.64,2084400.0
2004-01-21,34.25,34.85,34.25,34.76,2385300.0
2004-01-20,34.62,34.65,34.22,34.36,2777300.0
2004-01-16,34.85,34.972,34.63,34.69,2544400.0
2004-01-15,34.67,35.04,34.32,34.79,2313000.0
2004-01-14,34.73,35.06,34.59,34.67,3151400.0
2004-01-13,34.6,35.71,34.25,34.73,3506000.0
2004-01-12,34.23,34.48,33.87,34.43,3743500.0
2004-01-09,34.31,34.35,33.73,33.86,3327200.0
2004-01-08,34.6,34.82,34.24,34.47,3007000.0
2004-01-07,35.03,35.1,34.3,34.44,5364500.0
2004-01-06,35.1,35.45,34.85,35.03,3198100.0
2004-01-05,35.78,35.78,34.201,35.25,7222600.0
2004-01-02,36.43,36.76,35.64,35.71,2254300.0
2003-12-31,36.02,36.49,36.01,36.38,2203900.0
2003-12-30,36.18,36.28,35.83,36.15,2683300.0
2003-12-29,35.88,36.2,35.74,36.1,2881600.0
2003-12-26,35.68,35.94,35.64,35.72,1267100.0
2003-12-24,35.5,35.77,35.44,35.48,1272100.0
2003-12-23,35.25,35.96,35.18,35.49,4438200.0
2003-12-22,35.31,35.31,34.47,34.83,5325400.0
2003-12-19,35.75,35.75,35.25,35.31,3938200.0
2003-12-18,36.42,36.48,35.3,35.75,5397800.0
2003-12-17,36.16,36.49,36.08,36.28,2216200.0
2003-12-16,36.25,36.55,35.91,36.41,1905200.0
2003-12-15,36.83,37.09,36.24,36.25,3268300.0
2003-12-12,36.95,36.96,36.25,36.65,2643500.0
2003-12-11,37.06,37.42,36.98,37.15,2664600.0
2003-12-10,37.13,37.3,36.83,37.06,3552500.0
2003-12-09,36.72,37.18,36.69,37.0,4415400.0
2003-12-08,35.9,36.6,35.63,36.47,2797900.0
2003-12-05,36.43,36.55,35.68,35.95,2814500.0
2003-12-04,36.59,36.85,35.81,36.78,2621100.0
2003-12-03,37.1,37.24,36.43,36.59,2742800.0
2003-12-02,37.1,37.24,36.64,36.72,2085400.0
2003-12-01,36.98,37.11,36.6,37.04,2550200.0
2003-11-28,36.5,37.0,36.5,36.81,766200.0
2003-11-26,36.85,36.96,36.27,36.78,2436900.0
2003-11-25,36.42,36.9,36.28,36.62,2041000.0
2003-11-24,35.9,36.67,35.9,36.58,1905800.0
2003-11-21,35.72,35.9,35.5,35.75,1748300.0
2003-11-20,35.2,35.95,35.2,35.44,2269100.0
2003-11-19,35.22,35.95,35.2,35.6,1869000.0
2003-11-18,36.06,36.19,35.36,35.41,2135700.0
2003-11-17,35.87,35.87,35.16,35.82,1724700.0
2003-11-14,36.05,36.46,35.6,35.87,1796900.0
2003-11-13,36.21,36.21,35.83,36.05,2697400.0
2003-11-12,35.76,36.32,35.64,36.26,2104200.0
2003-11-11,35.0,35.94,35.0,35.81,2474500.0
2003-11-10,36.18,36.65,35.99,36.0,2809400.0
2003-11-07,35.94,36.6,35.94,36.18,2757800.0
2003-11-06,35.3,36.01,35.3,35.94,3233100.0
2003-11-05,35.4,35.7,35.01,35.38,2599800.0
2003-11-04,35.42,35.68,35.16,35.4,3316500.0
2003-11-03,34.76,35.54,34.76,35.42,2598700.0
2003-10-31,34.86,34.98,34.72,34.82,1957200.0
2003-10-30,34.71,34.99,34.4,34.86,2680700.0
2003-10-29,34.3,35.64,34.1,34.71,2928300.0
2003-10-28,33.74,34.84,33.74,34.71,4767900.0
2003-10-27,33.24,33.89,33.24,33.74,2547800.0
2003-10-24,33.34,33.34,32.8,33.24,2719400.0
2003-10-23,32.9,33.46,32.9,33.34,2536200.0
2003-10-22,32.82,33.2,32.8,33.09,2634800.0
2003-10-21,33.18,33.42,33.09,33.15,2516700.0
2003-10-20,32.76,33.26,32.7,33.18,2509500.0
2003-10-17,32.98,33.0,32.72,32.79,2555900.0
2003-10-16,32.7,32.95,32.48,32.85,1881900.0
2003-10-15,33.05,33.05,32.5,32.76,2419300.0
2003-10-14,33.25,33.26,32.59,32.9,2906200.0
2003-10-13,32.73,33.26,32.7,33.13,3371600.0
2003-10-10,32.6,32.66,32.13,32.39,3465500.0
2003-10-09,32.82,33.19,32.66,33.1,3214200.0
2003-10-08,32.85,32.99,32.76,32.82,2590100.0
2003-10-07,32.45,33.0,32.2,33.0,3513200.0
2003-10-06,32.21,32.46,31.8,32.4,2322600.0
2003-10-03,31.82,32.46,31.82,32.06,4150200.0
2003-10-02,32.05,32.75,31.8,31.82,5306200.0
2003-10-01,30.75,31.55,30.72,31.52,3194900.0
2003-09-30,31.13,31.13,30.18,30.64,6479100.0
2003-09-29,32.25,32.25,30.79,31.12,4870100.0
2003-09-26,31.5,32.2,31.48,32.06,4064800.0
2003-09-25,31.84,31.99,31.4,31.48,2932300.0
2003-09-24,32.02,32.2,31.68,31.69,2427800.0
2003-09-23,32.28,32.5,31.97,32.2,2127200.0
2003-09-22,32.1,32.21,31.7,31.95,2909900.0
2003-09-19,32.82,32.86,32.54,32.61,2909300.0
2003-09-18,32.7,32.89,32.45,32.81,2984300.0
2003-09-17,32.41,32.69,32.33,32.64,3584200.0
2003-09-16,31.75,32.26,31.75,32.16,2660800.0
2003-09-15,31.93,32.1,31.7,31.83,2819000.0
2003-09-12,31.94,32.13,31.46,32.1,3813100.0
2003-09-11,31.48,31.87,31.38,31.82,3314700.0
2003-09-10,31.3,31.69,31.23,31.32,3856200.0
2003-09-09,30.98,31.05,30.57,30.57,2791800.0
2003-09-08,31.5,31.59,30.94,30.97,4040400.0
2003-09-05,31.64,31.79,31.22,31.5,3016200.0
2003-09-04,32.2,32.2,31.5,31.84,3790500.0
2003-09-03,32.71,32.75,32.02,32.2,6144400.0
2003-09-02,32.73,32.75,32.24,32.7,3649800.0
2003-08-29,32.18,32.66,32.15,32.57,2401900.0
2003-08-28,31.48,32.24,31.45,32.15,4037900.0
2003-08-27,31.46,31.47,31.21,31.26,2632400.0
2003-08-26,31.25,31.58,31.11,31.45,1968500.0
2003-08-25,31.35,31.59,31.07,31.52,1611300.0
2003-08-22,31.55,31.7,31.07,31.25,2340500.0
2003-08-21,31.06,31.75,31.02,31.65,4106300.0
2003-08-20,31.14,31.18,30.84,31.04,2001900.0
2003-08-19,30.92,31.18,30.7,31.05,4028800.0
2003-08-18,30.48,30.8,30.35,30.7,3554700.0
2003-08-15,30.2,30.29,30.06,30.29,1316300.0
2003-08-14,30.5,30.5,30.1,30.3,3214000.0
2003-08-13,30.25,30.54,30.16,30.32,2515300.0
2003-08-12,30.13,30.36,29.83,30.36,2219500.0
2003-08-11,30.04,30.29,29.93,30.07,1928300.0
2003-08-08,30.15,30.4,29.95,30.04,3121200.0
2003-08-07,29.95,30.38,29.8,30.13,3772800.0
2003-08-06,29.76,30.22,29.66,29.83,3253500.0
2003-08-05,30.32,30.36,29.9,30.01,4213300.0
2003-08-04,30.05,30.35,29.39,30.32,4590900.0
2003-08-01,29.8,29.82,29.31,29.4,3287000.0
2003-07-31,30.03,30.41,29.81,29.92,3940200.0
2003-07-30,30.0,30.28,29.69,29.72,3982500.0
2003-07-29,29.94,30.25,29.56,29.85,3607900.0
2003-07-28,29.37,29.95,29.2,29.9,3613500.0
2003-07-25,29.2,29.6,28.9,29.5,4201100.0
2003-07-24,29.85,29.85,29.04,29.05,3549400.0
2003-07-23,29.61,29.66,29.15,29.6,3524000.0
2003-07-22,29.98,30.09,29.27,29.6,5107700.0
2003-07-21,30.19,30.38,29.758,29.98,4100000.0
2003-07-18,30.97,30.97,30.1,30.18,5337600.0
2003-07-17,30.91,31.2,30.84,30.96,3240800.0
2003-07-16,31.42,31.45,30.75,31.14,3348000.0
2003-07-15,30.99,31.42,30.82,31.42,4718900.0
2003-07-14,31.0,31.3,30.551,30.63,2742500.0
2003-07-11,30.58,31.15,30.43,30.87,3067200.0
2003-07-10,30.16,30.4,29.9,30.35,3637000.0
2003-07-09,30.7,31.25,30.45,30.45,4538600.0
2003-07-08,30.15,30.84,30.12,30.84,4837800.0
2003-07-07,29.99,30.18,29.93,30.11,3736600.0
2003-07-03,30.05,30.15,29.77,29.82,2127800.0
2003-07-02,30.23,30.61,30.01,30.1,7166300.0
2003-07-01,30.53,30.737,29.88,30.23,6106500.0
2003-06-30,30.12,30.46,29.9,30.1,4122000.0
2003-06-27,30.2,30.5,30.08,30.27,4046600.0
2003-06-26,30.0,30.35,30.0,30.31,4615000.0
2003-06-25,30.01,30.59,29.91,30.25,7471700.0
2003-06-24,29.5,30.17,29.37,30.0,6373700.0
2003-06-23,32.26,32.3,28.8,29.79,10532700.0
2003-06-20,32.29,32.89,32.01,32.25,4647300.0
2003-06-19,32.68,32.862,32.16,32.16,2449500.0
2003-06-18,32.77,32.85,32.443,32.68,1810000.0
2003-06-17,32.99,33.0,32.6,32.74,2856400.0
2003-06-16,32.0,32.5,31.79,32.48,2423600.0
2003-06-13,32.2,32.4,31.74,31.75,4010900.0
2003-06-12,33.14,33.19,32.01,32.25,3521800.0
2003-06-11,33.03,33.08,32.51,33.04,1983900.0
2003-06-10,32.26,33.07,32.26,33.03,3242400.0
2003-06-09,32.16,32.76,32.07,32.44,2289000.0
2003-06-06,32.88,33.28,32.38,32.56,2891100.0
2003-06-05,32.64,32.8,32.02,32.65,3550600.0
2003-06-04,32.25,32.85,31.92,32.64,3924900.0
2003-06-03,31.2,32.54,31.19,32.54,6727900.0
2003-06-02,30.9,31.26,30.55,30.69,3354000.0
2003-05-30,30.83,31.31,30.64,30.79,3884500.0
2003-05-29,31.08,31.66,30.35,30.63,3573500.0
2003-05-28,30.84,31.24,30.7,31.08,3015100.0
2003-05-27,30.21,30.87,29.92,30.63,3833800.0
2003-05-23,30.35,30.69,30.14,30.2,2414700.0
2003-05-22,30.25,30.68,30.25,30.5,5116200.0
2003-05-21,30.51,30.68,30.08,30.23,4038700.0
2003-05-20,31.23,31.48,30.45,30.71,3216700.0
2003-05-19,31.9,31.9,30.95,31.16,3184400.0
2003-05-16,32.2,32.21,31.52,31.94,2283100.0
2003-05-15,32.5,32.62,31.91,32.29,2777900.0
2003-05-14,32.79,33.0,32.0,32.26,4379900.0
2003-05-13,32.7,33.1,32.7,32.78,2743100.0
2003-05-12,33.499,33.499,32.61,32.94,5342900.0
2003-05-09,33.11,33.66,33.01,33.65,2506000.0
2003-05-08,32.6,33.18,32.45,32.96,2803200.0
2003-05-07,32.9,33.16,32.4,32.8,4163000.0
2003-05-06,32.05,33.17,32.02,32.96,3367600.0
2003-05-05,32.33,32.74,32.07,32.35,3534200.0
2003-05-02,30.95,32.36,30.95,32.34,6160400.0
2003-05-01,30.86,30.86,30.0,30.8,3571300.0
2003-04-30,31.66,31.66,30.83,30.86,4698300.0
2003-04-29,30.73,31.6,30.6,31.51,3972400.0
2003-04-28,30.0,30.65,29.92,30.5,2781200.0
2003-04-25,30.3,30.3,29.75,29.92,3093900.0
2003-04-24,30.77,30.77,29.5,29.82,4997000.0
2003-04-23,31.19,31.26,30.57,30.76,3416600.0
2003-04-22,30.54,31.19,30.2,31.19,2360500.0
2003-04-21,30.99,31.34,30.36,30.54,2247800.0
2003-04-17,30.43,30.92,30.01,30.73,3182800.0
2003-04-16,31.83,31.83,30.37,30.43,4476800.0
2003-04-15,32.1,32.15,31.5,31.93,2753900.0
2003-04-14,31.18,32.19,31.06,32.13,2359600.0
2003-04-11,31.23,31.6,31.0,31.1,1889000.0
2003-04-10,30.25,31.14,30.15,31.14,2599100.0
2003-04-09,31.84,31.88,30.83,30.87,2473000.0
2003-04-08,31.37,31.61,31.09,31.46,2334000.0
2003-04-07,32.23,32.74,31.5,31.5,3461100.0
2003-04-04,31.3,32.08,31.3,31.54,4159100.0
2003-04-03,30.9,32.3,30.395,31.55,6646000.0
2003-04-02,30.09,30.87,29.92,30.65,2597500.0
2003-04-01,29.48,29.65,29.15,29.42,2677700.0
2003-03-31,29.51,29.85,29.01,29.48,2881000.0
2003-03-28,30.2,30.26,29.76,29.95,2271800.0
2003-03-27,30.5,30.64,29.87,30.52,2516500.0
2003-03-26,30.65,30.93,30.28,30.64,2382800.0
2003-03-25,30.4,30.9,30.14,30.61,3947900.0
2003-03-24,31.88,31.89,29.8,30.5,5106200.0
2003-03-21,31.11,31.9,30.63,31.82,3321800.0
2003-03-20,30.45,30.99,30.0,30.82,2457800.0
2003-03-19,31.0,31.02,30.31,30.89,3117400.0
2003-03-18,31.19,31.27,30.3,31.0,3603400.0
2003-03-17,29.1,30.99,28.75,30.89,4531500.0
2003-03-14,28.76,29.35,28.74,29.18,2477100.0
2003-03-13,28.37,28.69,27.5,28.69,3247400.0
2003-03-12,27.75,28.0,27.52,27.97,2354900.0
2003-03-11,27.65,28.08,27.51,27.75,2158800.0
2003-03-10,28.2,28.28,27.67,27.69,1829300.0
2003-03-07,27.55,28.5,27.5,28.39,2395500.0
2003-03-06,28.02,28.65,27.7,28.05,3519000.0
2003-03-05,27.33,28.39,27.33,28.39,2693700.0
2003-03-04,28.05,28.6,28.01,28.16,3813900.0
2003-03-03,28.2,28.38,27.55,27.74,2981800.0
2003-02-28,28.18,28.56,27.74,28.14,3131800.0
2003-02-27,27.6,28.1,27.31,28.08,3094800.0
2003-02-26,28.15,28.34,27.45,27.51,2207700.0
2003-02-25,27.6,28.3,27.25,28.3,2488700.0
2003-02-24,28.64,28.64,27.83,27.93,2382300.0
2003-02-21,28.12,28.85,28.12,28.58,2366400.0
2003-02-20,28.88,28.9,28.25,28.38,2457200.0
2003-02-19,28.88,29.18,28.33,28.6,2539000.0
2003-02-18,28.45,29.56,28.45,28.92,3428900.0
2003-02-14,27.08,28.25,26.9,28.25,3861700.0
2003-02-13,28.0,28.0,26.9,27.35,3334200.0
2003-02-12,28.42,28.68,27.7,27.91,2074000.0
2003-02-11,28.67,28.95,28.07,28.32,1929900.0
2003-02-10,28.39,28.48,27.6,28.35,2562100.0
2003-02-07,28.98,29.19,28.23,28.45,2107800.0
2003-02-06,28.77,29.1,28.42,28.6,2198700.0
2003-02-05,29.15,29.57,28.76,28.89,3072600.0
2003-02-04,29.08,29.48,28.7,28.95,3975800.0
2003-02-03,29.07,29.46,28.73,29.05,4083000.0
2003-01-31,28.96,29.15,28.76,29.0,3599900.0
2003-01-30,29.58,29.85,28.67,28.95,3086100.0
2003-01-29,29.95,30.03,28.75,29.6,3096300.0
2003-01-28,29.95,30.03,28.75,29.6,2964800.0
2003-01-27,30.06,30.25,29.36,29.74,2953200.0
2003-01-24,30.75,30.89,30.26,30.27,3181600.0
2003-01-23,31.45,31.82,30.8,31.31,3609300.0
2003-01-22,32.19,32.19,31.38,31.45,4802900.0
2003-01-21,32.89,32.9,32.02,32.19,2921200.0
2003-01-17,32.8,32.99,32.32,32.99,3391900.0
2003-01-16,32.4,32.8,32.21,32.8,3063400.0
2003-01-15,32.52,32.68,31.87,32.15,2355900.0
2003-01-14,32.56,32.6,32.11,32.59,2835600.0
2003-01-13,32.21,32.73,32.07,32.55,2998900.0
2003-01-10,32.14,32.6,31.92,32.2,2999000.0
2003-01-09,32.0,32.19,31.9,32.15,3179000.0
2003-01-08,32.19,32.2,31.69,31.8,4007200.0
2003-01-07,31.5,31.96,31.0,31.94,5875600.0
2003-01-06,31.9,32.28,31.41,31.45,4801400.0
2003-01-03,31.1,32.16,31.02,32.16,6986100.0
2003-01-02,29.6,30.2,29.19,30.1,4933500.0
2002-12-31,28.78,29.28,28.75,29.19,4275200.0
2002-12-30,28.77,29.3,28.7,28.88,5518800.0
2002-12-27,28.95,29.0,28.65,28.8,2377300.0
2002-12-26,28.82,29.2,28.77,28.9,2339200.0
2002-12-24,28.8,29.06,28.75,29.05,1683900.0
2002-12-23,29.6,29.6,28.9,29.21,3420200.0
2002-12-20,29.4,29.71,29.11,29.7,5311700.0
2002-12-19,28.95,29.43,28.7,28.98,3375900.0
2002-12-18,28.9,29.05,28.2,28.91,3419800.0
2002-12-17,29.4,29.8,29.04,29.13,4053200.0
2002-12-16,29.0,29.1,28.63,28.93,4398000.0
2002-12-13,29.1,29.65,28.84,29.12,3412400.0
2002-12-12,30.2,30.28,29.0,29.35,3225500.0
2002-12-11,30.1,30.45,29.8,30.11,2228400.0
2002-12-10,29.75,30.35,29.7,30.26,3182400.0
2002-12-09,29.8,29.85,29.37,29.5,3012300.0
2002-12-06,28.75,30.23,28.75,29.82,3926100.0
2002-12-05,29.7,29.74,28.68,28.69,3262200.0
2002-12-04,28.52,29.68,28.52,29.55,6326200.0
2002-12-03,28.64,28.75,27.7,28.6,8297700.0
2002-12-02,29.29,29.46,28.57,28.64,7029400.0
2002-11-29,28.61,29.17,28.61,28.79,2067500.0
2002-11-27,28.55,28.93,28.52,28.69,5744200.0
2002-11-26,28.45,29.05,28.45,28.5,5783800.0
2002-11-25,29.95,29.99,28.05,28.98,9240300.0
2002-11-22,30.2,30.3,29.7,29.8,5074000.0
2002-11-21,31.68,31.75,29.9,30.21,6315800.0
2002-11-20,31.35,31.8,30.95,31.68,2599000.0
2002-11-19,31.33,31.93,30.9,31.33,3042500.0
2002-11-18,32.31,32.4,31.2,31.32,2675400.0
2002-11-15,31.32,32.26,31.32,32.12,2974500.0
2002-11-14,32.39,32.44,31.55,31.82,2287900.0
2002-11-13,31.18,31.99,30.75,31.83,2907400.0
2002-11-12,31.49,31.95,31.03,31.27,2152400.0
2002-11-11,30.59,31.35,30.59,31.01,1905500.0
2002-11-08,31.47,31.65,30.6,30.9,2422200.0
2002-11-07,32.1,32.11,31.0,31.62,3624900.0
2002-11-06,32.42,32.44,31.66,32.1,2792600.0
2002-11-05,31.63,32.4,31.61,32.4,4657300.0
2002-11-04,33.82,34.1,31.36,31.53,7637900.0
2002-11-01,33.29,34.1,33.2,33.89,2974300.0
2002-10-31,34.02,34.13,33.45,33.75,4563400.0
2002-10-30,35.05,35.05,33.83,34.4,4047000.0
2002-10-29,34.96,35.55,34.34,35.2,2600200.0
2002-10-28,35.96,35.98,34.85,35.05,2908900.0
2002-10-25,34.3,36.2,34.16,35.96,2919800.0
2002-10-24,35.08,35.6,34.2,34.3,2839900.0
2002-10-23,34.43,35.13,34.15,35.13,2152800.0
2002-10-22,34.75,34.94,33.88,34.35,2502100.0
2002-10-21,34.52,34.96,33.55,34.78,2070400.0
2002-10-18,34.14,34.78,33.68,34.51,2301400.0
2002-10-17,35.0,35.04,33.85,34.14,3298300.0
2002-10-16,34.0,34.75,33.96,34.45,3259400.0
2002-10-15,34.0,34.22,33.65,34.0,4907400.0
2002-10-14,33.83,34.18,32.7,32.95,4251600.0
2002-10-11,32.95,34.1,32.72,33.83,3290200.0
2002-10-10,32.15,32.99,31.65,32.81,3665900.0
2002-10-09,32.35,33.08,32.21,32.53,3274400.0
2002-10-08,31.5,32.84,31.5,32.32,4823100.0
2002-10-07,31.76,32.15,30.76,30.95,4078100.0
2002-10-04,31.75,32.24,31.05,31.75,3385200.0
2002-10-03,30.83,31.82,30.76,31.67,3376500.0
2002-10-02,31.25,31.7,30.81,30.82,3295700.0
2002-10-01,30.61,31.8,30.0,31.8,7011600.0
2002-09-30,31.99,32.0,29.01,30.76,10752900.0
2002-09-27,35.1,35.2,33.72,33.89,2291700.0
2002-09-26,34.52,35.2,34.32,35.11,3521100.0
2002-09-25,33.64,34.0,32.77,34.0,2668800.0
2002-09-24,32.89,33.48,32.7,32.7,2738600.0
2002-09-23,32.46,33.46,32.26,33.4,3230200.0
2002-09-20,32.97,33.03,32.1,32.46,3854900.0
2002-09-19,33.5,33.6,32.65,32.65,2953400.0
2002-09-18,33.9,34.15,32.75,33.98,3181000.0
2002-09-17,35.31,35.55,33.72,33.91,3037600.0
2002-09-16,35.02,35.25,34.65,35.15,1660600.0
2002-09-13,34.64,35.41,34.4,35.12,1711200.0
2002-09-12,34.95,35.0,34.51,34.64,1856600.0
2002-09-11,35.7,35.88,35.34,35.41,2080700.0
2002-09-10,34.7,35.39,34.43,35.02,1837800.0
2002-09-09,34.46,35.08,33.85,34.7,2252500.0
2002-09-06,33.5,34.92,33.5,34.53,2341900.0
2002-09-05,33.05,33.97,32.8,33.06,3415900.0
2002-09-04,33.72,33.72,32.0,33.43,6374100.0
2002-09-03,34.75,34.75,33.67,33.73,3368800.0
2002-08-30,35.19,35.62,34.75,34.75,2180800.0
2002-08-29,34.35,35.5,34.21,35.15,2314200.0
2002-08-28,35.29,35.6,34.92,35.23,3186100.0
2002-08-27,35.7,35.99,34.7,35.17,2570000.0
2002-08-26,35.89,35.9,34.7,35.7,2677800.0
2002-08-23,36.69,36.69,35.5,35.67,3285000.0
2002-08-22,36.98,37.3,36.6,37.04,1703900.0
2002-08-21,37.0,37.35,36.35,36.96,1905100.0
2002-08-20,37.25,37.55,36.52,36.97,2503000.0
2002-08-19,36.7,37.7,36.7,37.58,2479200.0
2002-08-16,36.87,37.49,36.77,36.95,2139400.0
2002-08-15,37.11,37.7,36.34,37.13,3089900.0
2002-08-14,35.33,37.19,35.2,37.19,2881000.0
2002-08-13,35.25,36.3,35.07,35.08,2653800.0
2002-08-12,35.25,35.84,35.0,35.5,2558200.0
2002-08-09,35.6,36.2,35.01,36.04,2446100.0
2002-08-08,34.99,35.8,34.66,35.73,3710200.0
2002-08-07,34.23,34.53,33.35,34.5,2741600.0
2002-08-06,32.62,33.97,32.61,33.35,2993200.0
2002-08-05,33.35,34.2,32.6,32.62,3052400.0
2002-08-02,34.48,35.0,33.14,33.35,3518900.0
2002-08-01,35.45,35.72,33.66,34.05,3381700.0
2002-07-31,35.0,35.33,34.4,35.33,3482700.0
2002-07-30,35.41,35.49,34.24,35.11,3374000.0
2002-07-29,35.11,35.65,34.64,35.35,3293200.0
2002-07-26,33.42,34.99,32.75,34.99,3225100.0
2002-07-25,33.38,33.9,31.79,33.63,4375500.0
2002-07-24,31.28,33.6,30.9,33.41,5232400.0
2002-07-23,31.92,33.43,31.05,31.53,4446600.0
2002-07-22,30.25,32.38,30.2,32.09,6093500.0
2002-07-19,32.61,32.99,31.68,32.0,3471600.0
2002-07-18,33.43,34.98,33.16,33.3,2876800.0
2002-07-17,33.9,34.38,32.9,33.82,3126400.0
2002-07-16,33.8,34.18,32.85,33.3,3581100.0
2002-07-15,34.3,34.75,32.65,34.47,3364800.0
2002-07-12,35.0,35.52,34.34,34.88,2728700.0
2002-07-11,35.0,35.39,33.04,34.32,6144100.0
2002-07-10,37.47,37.47,35.6,35.64,4189300.0
2002-07-09,37.46,38.37,37.35,37.5,4408800.0
2002-07-08,37.85,38.0,37.34,37.46,1964100.0
2002-07-05,37.03,37.73,36.62,37.7,1294800.0
2002-07-03,36.95,37.31,35.7,37.28,2664300.0
2002-07-02,37.75,37.88,36.66,36.95,3676100.0
2002-07-01,38.64,39.45,38.35,38.69,2711900.0
2002-06-28,38.5,39.22,38.41,38.63,3482100.0
2002-06-27,37.77,38.75,37.68,38.75,3635800.0
2002-06-26,37.15,37.88,36.9,37.8,3375400.0
2002-06-25,37.75,38.44,37.55,37.68,4176500.0
2002-06-24,38.5,38.68,36.74,37.05,4685900.0
2002-06-21,38.5,39.35,38.06,38.23,5231800.0
2002-06-20,38.45,39.36,38.45,38.68,2364200.0
2002-06-19,38.5,39.49,38.34,38.75,2733200.0
2002-06-18,38.36,38.99,38.05,38.74,2252300.0
2002-06-17,37.07,38.4,37.03,38.32,2391800.0
2002-06-14,37.43,37.58,36.55,37.12,2674200.0
2002-06-13,37.5,37.83,37.28,37.43,1938600.0
2002-06-12,37.05,38.0,37.01,37.94,2648200.0
2002-06-11,37.65,38.2,37.05,37.15,2074200.0
2002-06-10,37.45,37.98,37.28,37.79,1187100.0
2002-06-07,37.1,37.52,36.65,37.28,1478200.0
2002-06-06,37.67,37.75,36.9,37.18,1355100.0
2002-06-05,37.05,37.5,36.89,37.44,1691800.0
2002-06-04,37.29,37.6,36.26,36.82,2709100.0
2002-06-03,38.5,38.55,37.49,37.49,1319600.0
2002-05-31,38.33,38.6,38.1,38.26,2001000.0
2002-05-30,37.9,38.23,37.5,37.72,1984300.0
2002-05-29,37.65,37.98,37.53,37.8,1302700.0
2002-05-28,38.02,38.4,37.48,37.65,1220200.0
2002-05-24,38.7,38.75,38.0,38.08,1218200.0
2002-05-23,38.15,38.65,37.87,38.62,1851900.0
2002-05-22,37.7,38.12,37.44,37.93,1527700.0
2002-05-21,38.1,38.4,37.57,37.7,1456700.0
2002-05-20,38.4,38.4,37.96,38.1,1371900.0
2002-05-17,38.0,38.71,38.0,38.36,1630800.0
2002-05-16,38.05,38.49,37.6,37.86,1898900.0
2002-05-15,38.3,38.66,38.03,38.05,2237100.0
2002-05-14,38.49,38.83,38.15,38.68,1345500.0
2002-05-13,37.85,38.42,37.75,38.38,1684900.0
2002-05-10,38.3,38.35,37.64,37.71,1165600.0
2002-05-09,38.38,38.78,38.11,38.21,1091600.0
2002-05-08,38.16,38.87,37.7,38.84,1926500.0
2002-05-07,38.25,38.4,37.36,38.0,2317600.0
2002-05-06,38.21,38.44,38.0,38.1,1575400.0
2002-05-03,37.96,38.4,37.8,38.2,1672300.0
2002-05-02,37.04,37.98,36.92,37.97,4611500.0
2002-05-01,37.62,37.62,36.1,36.84,4198000.0
2002-04-30,37.45,38.01,37.21,37.77,1584600.0
2002-04-29,37.65,37.92,37.23,37.54,2309000.0
2002-04-26,38.73,38.73,37.4,37.64,2605700.0
2002-04-25,38.3,39.48,37.8,38.73,3242800.0
2002-04-24,39.64,40.0,39.01,39.03,1763100.0
2002-04-23,39.85,40.0,39.28,39.64,2404300.0
2002-04-22,39.49,39.65,39.21,39.47,2501100.0
2002-04-19,39.44,39.47,39.01,39.3,2133600.0
2002-04-18,38.65,39.07,38.55,39.05,1626000.0
2002-04-17,38.8,38.92,38.51,38.71,1684000.0
2002-04-16,39.0,39.45,38.61,38.99,1528900.0
2002-04-15,39.34,39.34,38.56,38.62,983500.0
2002-04-12,38.5,39.28,38.3,39.24,2072500.0
2002-04-11,39.35,39.52,38.37,38.5,2426600.0
2002-04-10,39.4,39.77,39.18,39.53,2780200.0
2002-04-09,39.9,39.94,39.18,39.48,2099800.0
2002-04-08,39.1,39.85,39.1,39.83,1397600.0
2002-04-05,39.35,39.7,39.35,39.6,1439400.0
2002-04-04,39.0,39.55,38.91,39.55,1996700.0
2002-04-03,39.55,39.62,38.9,39.07,1999800.0
2002-04-02,39.36,39.52,38.9,39.17,1816900.0
2002-04-01,39.5,39.5,38.65,39.36,1539300.0
2002-03-28,39.25,39.52,39.06,39.19,1308100.0
2002-03-27,39.45,39.45,38.95,39.3,1985300.0
2002-03-26,39.8,39.87,38.96,39.3,2432700.0
2002-03-25,39.81,40.14,39.44,39.75,2197900.0
2002-03-22,39.45,40.0,39.0,39.81,1611200.0
2002-03-21,39.72,39.72,39.05,39.4,1385100.0
2002-03-20,39.94,40.03,39.45,39.5,1771200.0
2002-03-19,39.86,40.09,39.62,39.94,1463700.0
2002-03-18,40.0,40.1,39.5,39.86,1651200.0
2002-03-15,39.95,40.18,39.6,40.0,2428800.0
2002-03-14,39.93,39.93,39.5,39.55,1337900.0
2002-03-13,39.94,39.94,39.45,39.7,1581700.0
2002-03-12,40.29,40.29,39.0,39.94,2091800.0
2002-03-11,39.83,39.88,39.12,39.68,1462600.0
2002-03-08,38.98,40.1,38.95,39.45,2754000.0
2002-03-07,39.0,39.0,38.3,38.86,2363700.0
2002-03-06,38.91,39.24,38.07,39.14,3202900.0
2002-03-05,39.4,39.59,38.95,39.16,2889000.0
2002-03-04,40.15,40.15,39.85,39.89,4549400.0
2002-03-01,40.0,40.11,39.36,39.49,3277800.0
2002-02-28,39.4,40.7,39.31,40.24,6028500.0
2002-02-27,39.42,39.65,38.45,39.54,3117500.0
2002-02-26,39.21,39.68,38.68,39.46,2396000.0
2002-02-25,38.4,39.09,38.31,38.96,2141000.0
2002-02-22,38.5,38.55,37.62,38.07,1931700.0
2002-02-21,38.54,38.99,38.5,38.5,2630500.0
2002-02-20,38.5,38.5,37.78,38.49,2726200.0
2002-02-19,37.86,38.3,37.66,37.69,2131000.0
2002-02-15,37.98,37.98,37.51,37.61,1845700.0
2002-02-14,38.08,38.24,37.6,37.98,1801800.0
2002-02-13,37.85,38.47,37.75,38.05,2092000.0
2002-02-12,37.6,37.92,37.5,37.85,2000700.0
2002-02-11,37.08,37.77,37.02,37.7,1734600.0
2002-02-08,36.55,37.25,36.3,37.1,2038100.0
2002-02-07,36.95,37.32,36.9,36.99,2353600.0
2002-02-06,37.35,37.38,36.55,36.91,3970700.0
2002-02-05,36.88,37.92,36.4,37.85,8308900.0
2002-02-04,36.0,36.98,35.87,36.86,4181500.0
2002-02-01,36.54,36.54,35.5,35.54,2509100.0
2002-01-31,36.29,36.66,36.24,36.28,2443500.0
2002-01-30,35.95,36.43,35.02,36.29,5279900.0
2002-01-29,36.66,36.75,35.73,35.95,4110000.0
2002-01-28,36.74,36.94,36.42,36.66,2318700.0
2002-01-25,36.57,36.7,36.2,36.59,1944900.0
2002-01-24,35.8,36.7,35.7,36.57,3467300.0
2002-01-23,36.25,36.25,35.76,35.76,2362500.0
2002-01-22,35.49,36.52,35.41,36.25,3392600.0
2002-01-18,35.37,35.75,35.2,35.41,1657600.0
2002-01-17,35.21,35.68,34.97,35.54,1846300.0
2002-01-16,35.14,35.9,35.06,35.43,2787700.0
2002-01-15,35.47,35.5,34.78,35.14,2152600.0
2002-01-14,34.41,35.83,34.36,35.47,2733100.0
2002-01-11,34.85,35.15,34.24,34.4,1769500.0
2002-01-10,35.35,35.35,34.25,34.99,2531900.0
2002-01-09,34.75,35.63,34.7,35.15,2560800.0
2002-01-08,34.75,35.24,34.65,34.77,2367000.0
2002-01-07,35.48,35.6,34.8,34.88,3406900.0
2002-01-04,35.0,35.0,34.4,34.56,5145800.0
2002-01-03,34.79,34.79,33.5,34.41,5229800.0
2002-01-02,33.6,33.61,32.53,33.08,3372900.0
2001-12-31,33.75,33.86,33.5,33.66,2400500.0
2001-12-28,33.96,34.32,33.72,33.88,1759400.0
2001-12-27,33.66,33.91,33.5,33.89,2017300.0
2001-12-26,33.4,33.89,33.3,33.65,1747500.0
2001-12-24,33.66,33.8,33.5,33.65,1220500.0
2001-12-21,33.6,33.74,33.4,33.66,3424400.0
2001-12-20,33.2,33.5,33.02,33.5,2248500.0
2001-12-19,32.97,33.17,32.75,32.95,2731200.0
2001-12-18,32.97,33.18,32.46,32.89,5452200.0
2001-12-17,31.38,32.5,31.33,32.28,3312100.0
2001-12-14,31.25,31.47,31.01,31.32,2647700.0
2001-12-13,31.18,31.35,30.92,31.08,4416300.0
2001-12-12,32.0,32.21,30.72,30.98,4886500.0
2001-12-11,32.34,32.35,31.52,32.0,3546600.0
2001-12-10,33.06,33.06,31.95,31.96,2987800.0
2001-12-07,33.38,33.38,32.67,33.06,1971400.0
2001-12-06,33.22,33.22,32.27,32.95,2812000.0
2001-12-05,32.91,32.99,32.71,32.85,2797600.0
2001-12-04,33.0,33.1,32.6,33.01,2670800.0
2001-12-03,33.29,33.29,32.32,33.05,2589800.0
2001-11-30,33.1,33.2,32.55,33.0,4174700.0
2001-11-29,33.25,33.5,32.7,33.12,3501500.0
2001-11-28,34.81,34.81,33.44,34.19,4094400.0
2001-11-27,34.8,34.99,34.58,34.76,2409000.0
2001-11-26,35.0,35.39,34.81,35.11,4168700.0
2001-11-23,35.09,35.09,34.5,35.01,663700.0
2001-11-21,34.58,34.58,34.13,34.54,1458200.0
2001-11-20,34.61,34.79,34.08,34.55,2267000.0
2001-11-19,34.45,34.74,34.1,34.61,1726700.0
2001-11-16,34.45,34.6,34.02,34.28,2197500.0
2001-11-15,34.65,34.7,34.15,34.26,2506300.0
2001-11-14,33.75,34.8,33.61,34.51,3475900.0
2001-11-13,32.9,33.25,32.6,33.12,2392800.0
2001-11-12,32.1,32.96,31.8,32.48,1938500.0
2001-11-09,32.1,32.77,32.0,32.23,1537100.0
2001-11-08,32.5,33.2,32.13,32.13,2100000.0
2001-11-07,32.75,32.75,31.85,32.3,2890200.0
2001-11-06,31.48,31.68,31.0,31.68,3268700.0
2001-11-05,31.65,31.89,31.21,31.48,3070900.0
2001-11-02,31.9,32.45,31.25,31.3,5685100.0
2001-11-01,32.39,32.5,31.5,31.6,4635700.0
2001-10-31,32.5,33.0,32.22,32.38,3268600.0
2001-10-30,32.8,32.8,31.2,32.37,6468000.0
2001-10-29,33.95,34.0,33.18,33.28,1828200.0
2001-10-26,33.9,34.39,33.7,34.13,1413000.0
2001-10-25,33.15,34.17,33.0,34.03,2543100.0
2001-10-24,34.8,34.8,33.9,33.92,1485300.0
2001-10-23,34.52,34.87,34.16,34.43,1238800.0
2001-10-22,34.15,34.5,33.8,34.39,2260700.0
2001-10-19,34.39,34.65,34.0,34.15,3170900.0
2001-10-18,34.6,34.79,34.23,34.39,1333700.0
2001-10-17,35.4,35.49,34.32,34.6,2086900.0
2001-10-16,35.08,35.48,34.7,35.38,1282000.0
2001-10-15,35.0,35.19,34.41,34.9,2014000.0
2001-10-12,34.98,35.29,34.1,35.22,1574500.0
2001-10-11,34.95,35.5,34.9,35.08,1945200.0
2001-10-10,34.05,35.25,33.88,34.99,2261700.0
2001-10-09,34.5,34.5,33.7,33.96,2700600.0
2001-10-08,35.85,35.85,34.65,34.88,1372900.0
2001-10-05,35.27,35.27,34.6,35.12,1752700.0
2001-10-04,35.9,35.9,34.3,34.65,2891000.0
2001-10-03,36.0,36.0,34.84,35.35,3216300.0
2001-10-02,33.96,35.7,33.93,35.42,2565400.0
2001-10-01,34.43,34.63,33.05,34.46,3063300.0
2001-09-28,34.1,34.94,33.44,34.43,3655100.0
2001-09-27,33.18,35.0,32.58,34.0,2912300.0
2001-09-26,32.83,33.18,32.52,32.68,2453600.0
2001-09-25,32.85,32.96,32.03,32.6,2701600.0
2001-09-24,32.9,33.15,32.0,32.6,2873200.0
2001-09-21,33.04,33.04,28.7,31.8,6844400.0
2001-09-20,32.5,32.5,31.45,32.05,4424800.0
2001-09-19,33.78,33.78,30.35,32.84,4676800.0
2001-09-18,32.85,33.4,32.51,33.0,2569000.0
2001-09-17,33.1,33.83,32.55,32.76,5219300.0
2001-09-10,33.85,34.44,33.46,34.25,2210900.0
2001-09-07,35.09,35.22,34.34,34.57,3974000.0
2001-09-06,35.48,35.51,34.57,34.95,2243700.0
2001-09-05,35.45,35.95,35.2,35.48,4508200.0
2001-09-04,34.1,35.39,34.1,34.99,2727900.0
2001-08-31,34.86,35.18,34.21,34.35,1974200.0
2001-08-30,35.0,35.75,34.75,34.86,2126000.0
2001-08-29,35.25,35.38,34.76,34.88,1818000.0
2001-08-28,35.27,35.5,35.22,35.25,1148700.0
2001-08-27,35.97,36.03,35.2,35.31,1700800.0
2001-08-24,35.45,36.51,35.2,36.25,1434500.0
2001-08-23,35.55,35.97,35.1,35.2,2643300.0
2001-08-22,35.5,36.22,34.9,35.9,2971100.0
2001-08-21,36.58,36.65,35.41,35.5,2368000.0
2001-08-20,36.02,36.73,36.01,36.7,1697000.0
2001-08-17,36.1,36.28,35.77,36.01,1733100.0
2001-08-16,36.25,36.49,36.0,36.41,1944400.0
2001-08-15,36.39,36.49,35.9,36.47,3371700.0
2001-08-14,36.89,36.95,36.0,36.09,2914200.0
2001-08-13,37.32,37.45,36.41,36.72,2333000.0
2001-08-10,36.95,37.49,36.14,37.32,2605000.0
2001-08-09,36.64,37.0,36.19,36.97,2824400.0
2001-08-08,35.75,36.5,35.52,35.91,2562800.0
2001-08-07,35.7,36.08,35.2,36.0,2456500.0
2001-08-06,35.93,36.25,35.69,35.74,2411300.0
2001-08-03,35.75,35.96,35.35,35.9,2933000.0
2001-08-02,35.0,35.99,34.71,35.57,5353500.0
2001-08-01,33.5,33.51,33.01,33.35,2525900.0
2001-07-31,33.77,34.45,33.59,33.7,2844600.0
2001-07-30,33.5,33.8,33.25,33.52,1997300.0
2001-07-27,33.1,33.5,32.75,33.25,1969400.0
2001-07-26,32.9,33.52,32.46,33.1,3212100.0
2001-07-25,33.7,33.7,32.61,33.15,2278900.0
2001-07-24,33.25,33.93,33.06,33.24,2867600.0
2001-07-23,33.15,33.39,32.65,32.75,1912300.0
2001-07-20,32.84,33.7,32.74,33.44,2147900.0
2001-07-19,32.4,33.33,32.26,32.85,3600100.0
2001-07-18,31.89,32.42,31.75,31.99,3342300.0
2001-07-17,31.2,31.55,31.0,31.54,3891200.0
2001-07-16,31.76,31.9,31.25,31.43,3574600.0
2001-07-13,32.0,32.0,31.65,31.89,2690000.0
2001-07-12,32.0,32.14,31.74,31.99,7471800.0
2001-07-11,32.63,33.16,32.15,32.4,3240700.0
2001-07-10,33.4,33.57,32.53,33.09,6140600.0
2001-07-09,34.01,34.15,33.36,33.94,3479500.0
2001-07-06,34.0,35.02,33.9,34.01,3568500.0
2001-07-05,34.0,34.5,33.72,34.25,3852400.0
2001-07-03,33.65,34.1,33.35,34.1,4070500.0
2001-07-02,34.05,34.38,33.87,34.0,4605500.0
2001-06-29,34.86,35.14,34.11,34.46,4597700.0
2001-06-28,35.0,35.11,34.5,34.86,6657100.0
2001-06-27,36.25,36.26,34.8,35.04,13467100.0
2001-06-26,36.75,37.75,35.95,36.8,5454900.0
2001-06-25,38.0,38.01,36.31,37.25,11787400.0
2001-06-22,41.7,41.71,40.74,41.01,1769500.0
2001-06-21,41.56,41.91,41.42,41.85,2656400.0
2001-06-20,41.98,42.4,41.56,41.81,2131600.0
2001-06-19,41.6,41.99,41.02,41.85,1783300.0
2001-06-18,40.89,41.86,40.6,41.48,4047400.0
2001-06-15,40.0,40.65,39.66,40.1,6809500.0
2001-06-14,41.0,41.4,40.8,41.15,1622800.0
2001-06-13,40.71,41.08,40.6,41.0,2182800.0
2001-06-12,39.95,40.84,39.95,40.7,1820600.0
2001-06-11,40.76,40.85,40.05,40.32,2170300.0
2001-06-08,40.88,40.97,40.71,40.75,991400.0
2001-06-07,40.95,40.99,40.72,40.89,1365300.0
2001-06-06,40.1,40.99,40.1,40.75,1612100.0
2001-06-05,40.2,40.64,39.99,40.6,1870000.0
2001-06-04,39.6,40.28,39.56,40.28,1672200.0
2001-06-01,39.94,40.13,39.71,40.01,1360600.0
2001-05-31,39.85,40.74,39.85,40.19,2132400.0
2001-05-30,39.55,40.34,39.51,40.15,2626100.0
2001-05-29,39.5,40.0,39.36,39.73,3604900.0
2001-05-25,40.27,41.0,40.27,40.49,1504600.0
2001-05-24,40.35,40.79,40.18,40.29,2568900.0
2001-05-23,40.7,41.15,40.25,40.35,2241200.0
2001-05-22,41.1,41.3,40.59,40.73,2352200.0
2001-05-21,40.99,41.22,40.55,41.19,1836100.0
2001-05-18,40.34,40.77,40.17,40.72,2565200.0
2001-05-17,40.48,40.9,40.06,40.59,2245500.0
2001-05-16,40.16,40.59,39.99,40.48,2529400.0
2001-05-15,40.75,40.9,40.01,40.4,1928100.0
2001-05-14,40.39,41.0,39.92,41.0,1736900.0
2001-05-11,40.75,41.53,40.05,40.39,1969600.0
2001-05-10,41.62,41.63,39.7,41.08,3886400.0
2001-05-09,41.0,41.79,40.95,41.58,1785600.0
2001-05-08,41.89,41.94,40.85,41.32,2331900.0
2001-05-07,42.6,42.88,41.54,41.75,1714000.0
2001-05-04,42.65,42.8,41.8,42.75,1355900.0
2001-05-03,42.91,43.03,42.06,42.42,1886500.0
2001-05-02,44.2,44.21,42.83,42.98,3499600.0
2001-05-01,42.65,44.3,42.62,44.3,2910100.0
2001-04-30,43.4,43.44,42.6,42.78,2251500.0
2001-04-27,41.86,43.09,41.86,42.95,1724300.0
2001-04-26,41.25,42.35,41.05,41.86,2000900.0
2001-04-25,41.0,41.54,40.75,41.27,1760300.0
2001-04-24,41.39,41.39,41.0,41.1,2049900.0
2001-04-23,41.37,41.4,40.77,41.15,1723000.0
2001-04-20,40.75,41.05,40.51,40.96,2940800.0
2001-04-19,40.45,41.27,39.9,41.05,3073100.0
2001-04-18,40.75,41.2,39.93,40.45,3493200.0
2001-04-17,40.0,40.79,39.7,40.66,2242000.0
2001-04-16,40.0,40.35,39.62,40.05,1286900.0
2001-04-12,39.8,40.23,39.51,40.0,2033000.0
2001-04-11,39.86,40.3,38.96,39.41,3400200.0
2001-04-10,39.12,40.7,37.13,40.11,1869200.0
2001-04-09,40.2,40.35,38.8,39.12,1928700.0
2001-04-06,40.1,40.23,39.47,39.95,1897400.0
2001-04-05,40.45,40.45,39.55,40.1,2373300.0
2001-04-04,39.75,40.4,39.26,39.96,3351600.0
2001-04-03,40.33,40.49,39.72,40.0,3782700.0
2001-04-02,40.7,40.84,40.25,40.68,2108600.0
2001-03-30,40.7,40.99,40.25,40.8,2672800.0
2001-03-29,40.23,40.65,39.3,40.3,2210900.0
2001-03-28,39.75,40.5,39.63,40.23,2761800.0
2001-03-27,39.65,40.29,39.55,40.25,3427000.0
2001-03-26,40.55,40.62,38.56,39.56,5204000.0
2001-03-23,39.52,40.86,39.08,40.78,3507800.0
2001-03-22,40.39,40.39,38.56,39.63,4320500.0
2001-03-21,40.51,40.9,40.28,40.5,2921000.0
2001-03-20,40.8,42.05,40.8,41.0,2380800.0
2001-03-19,41.54,41.73,40.67,41.61,2307300.0
2001-03-16,41.76,42.15,41.26,41.54,3686900.0
2001-03-15,42.25,42.25,41.0,42.01,3182000.0
2001-03-14,41.25,43.25,41.18,42.22,2483800.0
2001-03-13,44.21,44.25,42.0,42.89,3673800.0
2001-03-12,44.52,44.85,44.07,44.21,2015500.0
2001-03-09,45.05,45.06,44.23,44.56,2059800.0
2001-03-08,44.8,45.29,44.67,45.27,3826400.0
2001-03-07,43.86,44.74,43.8,44.74,2820000.0
2001-03-06,43.5,43.9,43.25,43.87,3035200.0
2001-03-05,44.58,44.58,43.58,43.64,1885300.0
2001-03-02,43.25,44.5,43.06,44.33,1995000.0
2001-03-01,43.75,44.73,43.11,43.37,2506500.0
2001-02-28,44.46,45.0,43.5,44.32,3599200.0
2001-02-27,43.85,44.35,43.52,44.21,2548100.0
2001-02-26,42.9,44.18,42.61,44.03,2589100.0
2001-02-23,42.6,43.21,42.51,42.8,3030400.0
2001-02-22,42.83,43.34,42.1,42.85,3400400.0
2001-02-21,43.45,44.25,42.82,42.82,3562700.0
2001-02-20,43.02,44.5,43.01,43.95,3278100.0
2001-02-16,42.9,44.0,42.79,43.69,2989100.0
2001-02-15,41.65,42.6,41.56,42.6,1538300.0
2001-02-14,41.6,42.45,41.44,42.4,1658100.0
2001-02-13,40.9,42.0,40.65,42.0,1734300.0
2001-02-12,41.45,41.6,40.82,41.55,1389100.0
2001-02-09,41.85,42.34,41.29,41.42,1715400.0
2001-02-08,42.75,42.76,41.72,41.85,2122200.0
2001-02-07,41.33,42.9,41.17,42.85,1905200.0
2001-02-06,41.75,41.78,40.85,41.08,1970000.0
2001-02-05,42.18,42.34,40.92,41.09,1977400.0
2001-02-02,42.99,42.99,41.8,42.18,2653000.0
2001-02-01,41.12,41.99,40.73,41.95,2762100.0
2001-01-31,40.0,40.94,39.93,40.94,2478100.0
2001-01-30,39.61,40.05,39.4,40.01,1881400.0
2001-01-29,39.01,39.85,38.88,39.36,1232600.0
2001-01-26,39.69,39.88,39.06,39.31,1619700.0
2001-01-25,38.56,39.75,38.31,39.56,2076200.0
2001-01-24,37.63,38.69,37.63,38.56,2155100.0
2001-01-23,37.44,38.5,37.25,38.19,2878900.0
2001-01-22,35.88,38.25,35.88,38.25,3945100.0
2001-01-19,37.38,37.63,36.5,36.88,4392100.0
2001-01-18,38.13,38.75,38.0,38.31,2446000.0
2001-01-17,38.56,38.94,38.25,38.81,1970300.0
2001-01-16,38.5,39.0,38.25,38.63,1863100.0
2001-01-12,38.0,38.5,37.44,37.94,2552100.0
2001-01-11,39.19,39.19,36.56,37.25,3556100.0
2001-01-10,37.94,39.0,37.25,38.81,2685800.0
2001-01-09,38.13,38.5,37.31,37.75,2214300.0
2001-01-08,38.31,38.94,37.25,38.31,3379300.0
2001-01-05,37.31,38.13,36.63,38.0,2431400.0
2001-01-04,38.0,38.69,35.38,37.31,8586300.0
2001-01-03,40.81,40.81,38.25,39.25,5268100.0
2001-01-02,40.5,40.88,39.5,40.81,2900100.0
2000-12-29,42.88,42.88,41.69,41.81,1459700.0
2000-12-28,41.94,42.56,41.56,42.44,1271500.0
2000-12-27,40.75,41.94,40.5,41.38,1366300.0
2000-12-26,40.81,41.38,40.12,40.75,1000100.0
2000-12-22,41.19,41.75,39.88,41.06,2610400.0
2000-12-21,40.63,42.31,40.5,41.56,2619200.0
2000-12-20,38.63,41.0,38.44,40.5,3063900.0
2000-12-19,39.75,39.94,38.94,39.13,1772300.0
2000-12-18,40.69,41.0,39.0,39.75,1654400.0
2000-12-15,40.19,41.06,40.13,40.31,3115200.0
2000-12-14,41.0,41.0,39.81,40.44,1918200.0
2000-12-13,41.0,41.13,39.88,40.06,2035700.0
2000-12-12,37.44,39.56,37.31,39.19,2423100.0
2000-12-11,39.25,39.75,37.25,37.25,2751900.0
2000-12-08,39.19,40.44,38.63,39.81,2972000.0
2000-12-07,37.5,40.5,37.5,40.0,3442000.0
2000-12-06,39.13,39.69,37.56,38.06,4211000.0
2000-12-05,42.06,42.25,39.38,39.94,5061600.0
2000-12-04,41.5,42.88,41.13,42.75,2295000.0
2000-12-01,44.13,44.44,42.38,43.25,2516600.0
2000-11-30,44.06,45.13,43.75,44.56,2421100.0
2000-11-29,45.31,45.56,43.56,44.56,2293300.0
2000-11-28,45.25,45.5,44.31,45.19,2390600.0
2000-11-27,43.0,45.63,43.0,45.0,3590400.0
2000-11-24,43.88,43.94,42.5,43.13,1137500.0
2000-11-22,41.5,44.0,41.44,43.88,3683900.0
2000-11-21,41.44,41.94,41.13,41.75,2021600.0
2000-11-20,41.31,41.69,41.13,41.25,1277600.0
2000-11-17,41.75,41.81,41.0,41.31,2222300.0
2000-11-16,42.31,42.5,41.69,41.88,2194200.0
2000-11-15,42.88,43.06,41.81,42.31,2268100.0
2000-11-14,42.25,43.19,41.75,42.88,3289200.0
2000-11-13,42.75,43.5,42.0,42.94,2021400.0
2000-11-10,43.0,43.44,42.56,42.88,1813800.0
2000-11-09,42.94,43.38,42.5,43.06,2860500.0
2000-11-08,43.0,43.06,42.38,42.88,1606700.0
2000-11-07,43.75,43.75,42.75,43.25,2098400.0
2000-11-06,43.38,43.94,42.81,43.94,1800700.0
2000-11-03,43.5,44.0,42.06,44.0,3073800.0
2000-11-02,43.0,44.19,41.75,44.19,4616400.0
2000-11-01,44.06,44.44,43.56,43.94,3837700.0
2000-10-31,44.25,45.75,43.81,45.63,2650300.0
2000-10-30,43.19,45.06,42.5,44.38,3589800.0
2000-10-27,41.63,43.19,41.25,43.13,2949500.0
2000-10-26,40.63,42.19,40.63,41.75,2189800.0
2000-10-25,41.5,41.5,40.25,40.25,2285200.0
2000-10-24,41.0,42.0,40.81,42.0,3011700.0
2000-10-23,39.44,40.63,39.31,40.44,1922600.0
2000-10-20,40.0,40.25,39.0,39.31,2039100.0
2000-10-19,40.5,41.06,39.75,40.0,3179000.0
2000-10-18,40.5,41.75,40.0,41.63,2964400.0
2000-10-17,40.5,40.81,40.13,40.38,2053200.0
2000-10-16,39.38,40.25,39.25,40.13,1695500.0
2000-10-13,39.5,39.63,39.0,39.13,2732900.0
2000-10-12,39.69,40.0,39.31,39.63,2404300.0
2000-10-11,39.38,40.13,39.19,39.69,2721400.0
2000-10-10,38.75,39.13,38.13,39.13,1971400.0
2000-10-09,37.94,38.38,37.88,38.0,1234700.0
2000-10-06,38.75,39.0,37.63,37.88,1978200.0
2000-10-05,37.31,39.19,37.25,39.19,2201500.0
2000-10-04,37.25,37.94,37.19,37.75,2461100.0
2000-10-03,36.81,37.25,36.81,37.13,1757400.0
2000-10-02,37.44,37.75,36.75,37.13,1945100.0
2000-09-29,37.5,38.19,37.5,37.94,2509800.0
2000-09-28,37.63,38.5,37.63,38.0,1835100.0
2000-09-27,37.75,38.31,37.44,37.63,1618200.0
2000-09-26,37.5,37.94,37.19,37.69,1989100.0
2000-09-25,38.75,38.81,37.5,38.19,3493000.0
2000-09-22,39.19,39.56,38.94,39.56,2029800.0
2000-09-21,38.25,39.25,38.19,39.0,2732700.0
2000-09-20,37.75,38.06,37.38,38.0,1866100.0
2000-09-19,36.75,38.25,36.5,37.5,1612000.0
2000-09-18,38.44,38.44,37.88,38.0,1795800.0
2000-09-15,38.38,38.38,37.69,38.19,2144700.0
2000-09-14,38.19,38.69,37.44,38.38,2151700.0
2000-09-13,37.31,39.0,37.0,37.88,3875800.0
2000-09-12,36.0,37.88,36.0,37.88,3447000.0
2000-09-11,35.19,36.0,35.13,35.75,2055500.0
2000-09-08,34.13,35.25,33.94,35.19,2104800.0
2000-09-07,33.63,34.13,33.44,33.63,2294400.0
2000-09-06,34.19,34.25,33.5,33.56,1600100.0
2000-09-05,33.81,34.13,33.38,33.94,1610200.0
2000-09-01,32.94,33.63,32.75,33.44,1524900.0
2000-08-31,33.0,33.75,32.69,32.89,2274300.0
2000-08-30,33.94,34.0,33.56,33.56,1232900.0
2000-08-29,33.63,34.19,33.13,33.88,1804100.0
2000-08-28,34.31,34.44,33.69,33.69,1325900.0
2000-08-25,35.25,35.25,34.13,34.69,1294400.0
2000-08-24,35.0,36.0,33.75,36.0,1340700.0
2000-08-23,34.25,35.81,33.81,35.19,2455400.0
2000-08-22,34.5,34.56,33.94,34.56,970800.0
2000-08-21,34.56,34.56,33.63,34.19,1009000.0
2000-08-18,34.0,34.69,33.81,34.5,1619000.0
2000-08-17,33.5,34.19,33.31,33.5,2154900.0
2000-08-16,32.94,33.25,32.88,33.25,1932900.0
2000-08-15,34.0,34.06,32.88,32.88,2338600.0
2000-08-14,34.25,34.69,33.75,34.19,2269200.0
2000-08-11,32.75,34.5,32.5,34.25,3671900.0
2000-08-10,32.19,32.38,32.06,32.13,967000.0
2000-08-09,32.56,32.69,31.81,32.25,1410600.0
2000-08-08,32.19,32.88,32.0,32.88,1621700.0
2000-08-07,31.94,32.38,31.69,31.88,1552800.0
2000-08-04,31.06,32.19,30.81,32.0,1712200.0
2000-08-03,31.69,31.81,30.81,31.06,1784000.0
2000-08-02,30.63,31.31,30.56,31.31,1320200.0
2000-08-01,31.31,31.31,30.19,30.94,2334300.0
2000-07-31,31.38,31.69,30.88,31.19,2472300.0
2000-07-28,32.0,32.0,31.25,31.63,2421100.0
2000-07-27,31.5,31.94,31.38,31.81,1264000.0
2000-07-26,31.0,31.25,30.63,30.81,1683600.0
2000-07-25,31.5,31.5,30.56,31.19,1071400.0
2000-07-24,32.06,32.25,31.19,31.31,1334000.0
2000-07-21,31.69,32.06,31.56,32.0,1645200.0
2000-07-20,31.38,31.69,30.88,31.63,1246700.0
2000-07-19,31.13,31.38,31.0,31.31,984400.0
2000-07-18,30.88,31.5,30.81,31.19,1306700.0
2000-07-17,31.13,31.69,30.94,31.22,1946900.0
2000-07-14,30.44,31.56,30.44,31.25,1884000.0
2000-07-13,32.31,32.31,30.81,30.94,2067500.0
2000-07-12,33.25,33.38,31.75,32.63,1685400.0
2000-07-11,33.13,33.5,32.94,33.38,1727300.0
2000-07-10,32.13,33.5,31.94,32.63,2224900.0
2000-07-07,31.75,32.5,31.38,32.31,2012000.0
2000-07-06,30.38,31.63,30.13,31.63,2525100.0
2000-07-05,32.25,32.25,29.0,30.0,4257000.0
2000-07-03,31.69,32.19,31.31,31.75,1012700.0
2000-06-30,30.5,32.29,30.44,32.19,3311400.0
2000-06-29,29.31,30.63,29.13,30.06,2476600.0
2000-06-28,30.0,30.44,29.69,29.77,2443600.0
2000-06-27,29.38,30.06,29.25,30.0,4082100.0
2000-06-26,28.94,29.13,28.06,29.06,1526400.0
2000-06-23,28.19,28.5,27.88,28.5,1434100.0
2000-06-22,28.25,28.31,27.75,28.06,1197500.0
2000-06-21,28.0,28.38,27.69,28.0,882400.0
2000-06-20,28.31,28.5,27.81,28.0,1437400.0
2000-06-19,28.75,29.19,28.31,29.13,944600.0
2000-06-16,28.25,29.13,28.25,28.75,2117000.0
2000-06-15,28.88,29.44,28.69,29.19,1795000.0
2000-06-14,28.38,28.94,28.06,28.81,1233300.0
2000-06-13,28.38,28.56,28.0,28.38,1113900.0
2000-06-12,28.56,28.75,28.06,28.27,1085600.0
2000-06-09,28.25,28.69,28.19,28.69,994200.0
2000-06-08,27.5,28.0,26.75,28.0,1452100.0
2000-06-07,27.88,27.94,27.5,27.56,1023500.0
2000-06-06,28.63,28.69,27.81,28.25,1097500.0
2000-06-05,29.38,29.5,28.38,28.69,983500.0
2000-06-02,28.94,29.63,28.94,29.38,2130900.0
2000-06-01,28.38,29.13,28.31,29.0,1722800.0
2000-05-31,27.81,28.69,27.63,28.38,1701000.0
2000-05-30,28.0,28.06,27.63,27.94,1155000.0
2000-05-26,27.94,28.5,27.88,28.0,1500100.0
2000-05-25,27.75,28.25,27.5,27.94,1874800.0
2000-05-24,27.38,27.5,26.63,27.0,2055300.0
2000-05-23,27.38,27.69,27.0,27.5,990400.0
2000-05-22,27.94,28.0,26.94,27.5,1023900.0
2000-05-19,27.44,28.19,27.44,27.81,1260600.0
2000-05-18,28.0,28.31,27.94,28.13,1264000.0
2000-05-17,27.88,28.31,27.63,28.25,1547800.0
2000-05-16,28.19,28.75,27.88,28.44,1555300.0
2000-05-15,28.13,29.38,28.06,28.31,1987900.0
2000-05-12,29.0,29.06,28.06,28.15,1425100.0
2000-05-11,28.5,29.56,28.19,29.13,2864100.0
2000-05-10,28.0,28.81,27.81,28.5,3514200.0
2000-05-09,28.13,28.19,27.5,27.88,1252600.0
2000-05-08,26.75,28.25,26.13,28.13,1386600.0
2000-05-05,26.25,27.5,26.0,26.63,1475800.0
2000-05-04,27.0,27.06,26.19,26.19,1621400.0
2000-05-03,28.13,28.13,25.75,26.5,3501400.0
2000-05-02,28.06,29.0,27.94,28.88,2535100.0
2000-05-01,27.69,28.75,27.5,28.06,1938700.0
2000-04-28,28.69,28.75,28.06,28.13,1397800.0
2000-04-27,28.94,29.0,28.0,28.75,1504000.0
2000-04-26,29.19,29.19,28.63,29.06,1898800.0
2000-04-25,28.75,29.38,28.13,29.19,2128200.0
2000-04-24,27.88,28.88,27.88,28.75,1458600.0
2000-04-20,27.81,28.13,27.75,28.06,1515700.0
2000-04-19,27.44,27.81,27.06,27.5,1394300.0
2000-04-18,27.5,27.63,26.75,27.5,1767500.0
2000-04-17,26.31,27.94,25.56,27.75,3075700.0
2000-04-14,27.75,27.88,26.25,26.31,3525800.0
2000-04-13,28.94,29.5,27.88,27.88,2973600.0
2000-04-12,27.25,29.5,27.25,28.75,3910300.0
2000-04-11,27.44,28.06,27.06,27.38,2921300.0
2000-04-10,26.5,27.38,26.5,27.25,2394400.0
2000-04-07,26.56,26.69,26.44,26.55,1806900.0
2000-04-06,26.81,27.13,26.31,26.56,1936800.0
2000-04-05,26.75,27.44,26.38,26.94,2186700.0
2000-04-04,26.0,27.13,25.38,26.75,5429700.0
2000-04-03,26.0,26.06,25.0,25.44,2710800.0
2000-03-31,25.44,26.13,24.75,25.75,7764900.0
2000-03-30,26.06,26.06,24.88,25.13,4160000.0
2000-03-29,26.69,27.5,25.94,26.0,3251000.0
2000-03-28,26.38,27.19,26.25,26.63,2953600.0
2000-03-27,26.5,26.56,25.75,26.44,5142700.0
