date,1. open,2. high,3. low,4. close,5. volume
2020-04-24,91.03,91.04,90.81,91.01,1697883.0
2020-04-23,91.13,91.1434,90.79,91.0,1837190.0
2020-04-22,90.67,90.9863,90.52,90.77,2028948.0
2020-04-21,90.85,91.08,90.42,90.7,3606423.0
2020-04-20,90.88,90.88,90.612,90.75,2309024.0
2020-04-17,91.44,91.44,90.97,91.08,3018328.0
2020-04-16,90.94,91.25,90.79,90.86,3784531.0
2020-04-15,90.5,91.15,90.4336,91.12,2821538.0
2020-04-14,91.38,91.38,90.5,90.58,4793296.0
2020-04-13,90.7,91.18,90.36,90.96,4177593.0
2020-04-09,89.72,90.79,89.51,90.74,5208053.0
2020-04-08,87.9,88.49,87.41,88.36,3101763.0
2020-04-07,87.22,87.58,87.16,87.35,2775119.0
2020-04-06,86.91,87.25,86.57,87.12,2183342.0
2020-04-03,86.33,86.68,85.99,86.24,2432091.0
2020-04-02,86.35,86.955,86.01,86.47,3731595.0
2020-04-01,86.71,86.725,85.965,86.25,5138105.0
2020-03-31,86.63,87.63,86.6019,87.09,3324918.0
2020-03-30,85.77,86.92,85.72,86.72,3617925.0
2020-03-27,85.82,86.35,84.93,85.85,2725251.0
2020-03-26,85.51,86.4951,85.19,86.02,3277937.0
2020-03-25,84.01,86.555,84.0,85.88,3950639.0
2020-03-24,82.13,84.85,82.13,83.34,3383707.0
2020-03-23,80.2518,83.8,80.0,83.11,8368528.0
2020-03-20,80.5,81.5468,78.83,78.83,7132678.0
2020-03-19,79.39,81.645,78.82,79.78,5643793.0
2020-03-18,84.0212,84.68,81.35,81.76,7398031.0
2020-03-17,87.36,87.94,85.41,85.6,6695999.0
2020-03-16,84.7,88.87,84.42,88.09,6213670.0
2020-03-13,87.0,89.4302,87.0,88.86,6441067.0
2020-03-12,88.02,90.07,85.13,86.95,14327474.0
2020-03-11,91.6,91.74,89.48,89.5,8334454.0
2020-03-10,92.83,92.99,91.81,91.82,8561007.0
2020-03-09,93.58,93.93,92.78,93.06,4995967.0
2020-03-06,95.0,95.09,94.56,94.65,5197735.0
2020-03-05,95.04,95.07,94.715,94.76,3465584.0
2020-03-04,94.99,95.15,94.7825,94.82,2775770.0
2020-03-03,93.86,95.02,93.86,94.72,7399626.0
2020-03-02,94.02,94.2765,93.73,93.76,5783953.0
2020-02-28,93.69,94.16,93.42,94.16,9400630.0
2020-02-27,93.72,93.7587,93.364,93.38,4462891.0
2020-02-26,93.64,93.85,93.6192,93.64,3031204.0
2020-02-25,93.67,93.855,93.63,93.74,3058878.0
2020-02-24,93.7,93.71,93.6,93.6,3048529.0
2020-02-21,93.42,93.625,93.41,93.46,2859983.0
2020-02-20,93.13,93.299,91.3,93.28,5279211.0
2020-02-19,93.06,93.16,93.025,93.075,1773148.0
2020-02-18,93.09,93.18,93.01,93.13,1097636.0
2020-02-14,93.04,93.0874,92.99,92.99,1396118.0
2020-02-13,92.88,92.9776,92.87,92.87,1294659.0
2020-02-12,92.89,92.94,92.83,92.88,1767872.0
2020-02-11,93.03,93.12,92.95,92.98,2088816.0
2020-02-10,93.02,93.17,92.97,93.12,1357116.0
2020-02-07,92.85,92.98,92.785,92.91,1643867.0
2020-02-06,92.66,92.75,92.62,92.66,1885300.0
2020-02-05,92.65,92.75,92.6,92.69,1925701.0
2020-02-04,92.8,92.82,92.7,92.78,1332600.0
2020-02-03,92.94,93.05,92.85,93.01,1931762.0
2020-01-31,93.15,93.34,93.09,93.34,2332001.0
2020-01-30,93.02,93.1417,92.85,93.03,1854555.0
2020-01-29,92.8,93.01,92.8,92.9,2602291.0
2020-01-28,92.73,92.76,92.61,92.71,3432057.0
2020-01-27,92.71,92.77,92.635,92.74,2973251.0
2020-01-24,92.53,92.62,92.4356,92.56,2842659.0
2020-01-23,92.35,92.46,92.26,92.4,2516781.0
2020-01-22,92.21,92.31,92.2,92.26,5461855.0
2020-01-21,92.11,92.2,91.96,92.18,2199245.0
2020-01-17,91.83,91.955,91.815,91.92,4177805.0
2020-01-16,91.9,91.9858,91.815,91.94,3486155.0
2020-01-15,91.92,92.0,91.805,91.92,1646506.0
2020-01-14,91.68,91.77,91.6327,91.77,13289448.0
2020-01-13,91.72,91.75,91.63,91.66,1883569.0
2020-01-10,91.72,91.8568,91.66,91.77,1577408.0
2020-01-09,91.42,91.655,91.41,91.65,3163244.0
2020-01-08,91.57,91.715,91.41,91.52,1962334.0
2020-01-07,91.64,91.66,91.53,91.58,3111130.0
2020-01-06,91.77,91.8,91.51,91.65,2068274.0
2020-01-03,91.58,91.7658,91.5,91.71,1210659.0
2020-01-02,91.55,91.6367,91.39,91.45,1644901.0
2019-12-31,91.42,91.42,91.284,91.33,809676.0
2019-12-30,91.23,91.5,91.18,91.5,1332548.0
2019-12-27,91.32,91.45,91.3,91.4,1033535.0
2019-12-26,91.14,91.22,91.0538,91.22,787056.0
2019-12-24,90.93,91.2,90.91,91.2,742923.0
2019-12-23,91.12,91.12,90.91,91.0,3870543.0
2019-12-20,91.21,91.32,91.18,91.31,2284743.0
2019-12-19,91.26,91.38,91.2,91.36,1796636.0
2019-12-18,91.27,91.278,91.1742,91.23,1530542.0
2019-12-17,91.35,91.3769,91.2638,91.29,1488526.0
2019-12-16,91.35,91.42,91.27,91.28,1704804.0
2019-12-13,91.31,91.49,91.105,91.47,1695267.0
2019-12-12,91.41,91.41,90.91,91.08,2281518.0
2019-12-11,91.21,91.465,91.18,91.37,1216333.0
2019-12-10,91.23,91.2348,91.06,91.12,1448856.0
2019-12-09,91.31,91.31,91.17,91.18,1556327.0
2019-12-06,91.04,91.286,91.005,91.18,1493062.0
2019-12-05,91.21,91.3174,91.14,91.28,2080105.0
2019-12-04,91.41,91.51,91.19,91.35,2059784.0
2019-12-03,91.24,91.53,91.18,91.48,4471603.0
2019-12-02,90.91,91.0714,90.77,90.92,2232863.0
2019-11-29,91.42,91.46,91.3365,91.38,3108170.0
2019-11-27,91.44,91.4999,91.39,91.49,1753602.0
2019-11-26,91.55,91.59,91.48,91.53,989047.0
2019-11-25,91.34,91.46,91.3192,91.44,1377496.0
2019-11-22,91.28,91.28,91.1645,91.28,1287131.0
2019-11-21,91.22,91.2381,91.13,91.23,1804538.0
2019-11-20,91.3,91.367,91.25,91.33,1858815.0
2019-11-19,91.16,91.23,91.11,91.23,1570907.0
2019-11-18,91.1,91.1999,91.03,91.12,3861844.0
2019-11-15,90.93,91.087,90.93,91.0,2060839.0
2019-11-14,90.91,91.11,90.905,91.03,2409530.0
2019-11-13,90.74,90.76,90.6632,90.67,2147546.0
2019-11-12,90.48,90.56,90.38,90.52,1661042.0
2019-11-11,90.51,90.55,90.4,90.46,710862.0
2019-11-08,90.51,90.65,90.4,90.42,1383496.0
2019-11-07,90.73,90.75,90.32,90.5,3778758.0
2019-11-06,90.88,91.01,90.81,90.97,1612337.0
2019-11-05,90.79,90.82,90.57,90.65,2524001.0
2019-11-04,91.12,91.17,90.98,91.03,1462585.0
2019-11-01,91.32,91.51,91.2,91.35,2396399.0
2019-10-31,91.36,91.6,91.33,91.6,3436969.0
2019-10-30,90.93,91.16,90.84,91.16,2038097.0
2019-10-29,91.06,91.07,90.91,90.92,2418442.0
2019-10-28,91.01,91.08,90.95,91.03,1349796.0
2019-10-25,91.36,91.37,91.115,91.19,1048688.0
2019-10-24,91.32,91.42,91.3088,91.33,1378405.0
2019-10-23,91.32,91.33,91.19,91.2,829051.0
2019-10-22,91.23,91.2402,91.055,91.2,1714069.0
2019-10-21,91.06,91.157,91.0143,91.03,994105.0
2019-10-18,91.2,91.29,91.0805,91.22,909974.0
2019-10-17,91.01,91.2,90.96,91.08,1342993.0
2019-10-16,91.0,91.1,90.89,91.01,1649721.0
2019-10-15,91.1,91.15,90.85,90.88,1594884.0
2019-10-14,91.06,91.12,91.02,91.09,938103.0
2019-10-11,90.93,91.01,90.805,90.9,2114984.0
2019-10-10,91.36,91.4,91.115,91.14,2567143.0
2019-10-09,91.68,91.79,91.4241,91.52,1867786.0
2019-10-08,91.74,91.78,91.53,91.58,2644508.0
2019-10-07,91.67,91.71,91.51,91.52,1354163.0
2019-10-04,91.7,91.86,91.645,91.79,1253033.0
2019-10-03,91.4,91.75,91.29,91.67,2445125.0
2019-10-02,91.18,91.33,91.0547,91.28,2128397.0
2019-10-01,90.75,91.39,90.71,91.2,3616625.0
2019-09-30,91.01,91.24,90.95,91.24,1757970.0
2019-09-27,91.06,91.149,91.02,91.12,1548218.0
2019-09-26,91.06,91.12,90.98,91.01,887952.0
2019-09-25,91.16,91.17,90.82,90.88,2265475.0
2019-09-24,91.12,91.32,91.0993,91.25,872819.0
2019-09-23,91.11,91.235,91.01,91.05,1543863.0
2019-09-20,90.73,91.02,90.69,90.97,1574726.0
2019-09-19,90.69,90.75,90.54,90.6,1766994.0
2019-09-18,90.6,90.79,90.26,90.51,1241529.0
2019-09-17,90.18,90.457,90.09,90.42,1479472.0
2019-09-16,90.15,90.25,90.02,90.22,1052117.0
2019-09-13,90.27,90.3266,89.9051,89.94,1314032.0
2019-09-12,90.9,90.93,90.415,90.56,1265550.0
2019-09-11,90.57,90.735,90.56,90.57,1035466.0
2019-09-10,91.09,91.09,90.6242,90.67,1819124.0
2019-09-09,91.3,91.4,91.17,91.19,1048832.0
2019-09-06,91.5,91.685,91.46,91.64,2172928.0
2019-09-05,91.62,91.62,91.36,91.45,2071691.0
2019-09-04,91.73,92.01,91.68,91.94,2133725.0
2019-09-03,91.64,91.9,91.45,91.68,3465432.0
2019-08-30,91.84,91.9669,91.769,91.89,2175860.0
2019-08-29,91.99,92.04,91.76,91.94,1983258.0
2019-08-28,92.14,92.23,92.01,92.09,1350206.0
2019-08-27,91.85,92.055,91.81,92.01,1234925.0
2019-08-26,91.78,91.89,91.66,91.75,1271529.0
2019-08-23,91.48,91.905,91.42,91.75,1134593.0
2019-08-22,91.56,91.7284,91.46,91.54,1419501.0
2019-08-21,91.51,91.81,91.46,91.68,1611832.0
2019-08-20,91.49,91.585,91.44,91.56,1330325.0
2019-08-19,91.21,91.36,91.195,91.22,1390077.0
2019-08-16,91.23,91.49,91.09,91.49,1904612.0
2019-08-15,91.08,91.4666,91.0,91.33,1759233.0
2019-08-14,91.03,91.0565,90.865,90.98,1655204.0
2019-08-13,90.89,90.92,90.66,90.81,1646771.0
2019-08-12,90.76,90.99,90.72,90.96,2249151.0
2019-08-09,90.79,90.83,90.58,90.61,2653907.0
2019-08-08,90.62,90.845,90.49,90.82,2222262.0
2019-08-07,91.17,91.17,90.68,90.74,4369424.0
2019-08-06,90.6,90.76,90.45,90.74,6403107.0
2019-08-05,90.49,90.62,90.405,90.47,4059162.0
2019-08-02,90.2,90.3,90.1342,90.28,2500251.0
2019-08-01,89.72,90.31,89.61,90.21,1894845.0
2019-07-31,89.82,90.04,89.415,89.83,5767604.0
2019-07-30,89.78,89.9,89.655,89.9,1419373.0
2019-07-29,89.86,89.908,89.64,89.8,6376884.0
2019-07-26,89.8,89.9,89.69,89.9,1103999.0
2019-07-25,89.87,89.93,89.575,89.89,1223002.0
2019-07-24,89.89,90.0,89.83,89.94,1415662.0
2019-07-23,89.79,89.85,89.665,89.8,2264038.0
2019-07-22,89.74,89.84,89.715,89.77,971456.0
2019-07-19,89.64,89.74,89.5131,89.64,1316003.0
2019-07-18,89.5,89.81,89.425,89.75,1408693.0
2019-07-17,89.25,89.535,89.245,89.45,1760628.0
2019-07-16,89.11,89.155,89.015,89.11,1617879.0
2019-07-15,89.25,89.3067,89.22,89.25,857619.0
2019-07-12,89.11,89.245,89.08,89.22,1235195.0
2019-07-11,89.33,89.39,89.0616,89.14,1497887.0
2019-07-10,89.4,89.51,89.3534,89.48,1161466.0
2019-07-09,89.42,89.42,89.235,89.28,970914.0
2019-07-08,89.7,89.7,89.36,89.37,1318668.0
2019-07-05,89.5,89.58,89.18,89.52,3163792.0
2019-07-03,89.9,90.0,89.88,90.0,2232400.0
2019-07-02,89.76,89.9101,89.71,89.84,3468393.0
2019-07-01,89.72,89.81,89.535,89.66,1530337.0
2019-06-28,89.69,89.8668,89.65,89.85,1013774.0
2019-06-27,89.54,89.74,89.49,89.74,1416446.0
2019-06-26,89.59,89.61,89.3639,89.4,5037811.0
2019-06-25,89.68,89.7363,89.4638,89.61,9095189.0
2019-06-24,89.57,89.7199,89.54,89.62,4331668.0
2019-06-21,89.47,89.54,89.35,89.49,1235654.0
2019-06-20,89.64,89.835,89.58,89.66,3758062.0
2019-06-19,88.77,89.415,88.74,89.25,1790943.0
2019-06-18,88.97,89.08,88.8,88.95,1225348.0
2019-06-17,88.57,88.62,88.49,88.54,1346569.0
2019-06-14,88.45,88.608,88.36,88.6,1024776.0
2019-06-13,88.45,88.665,88.4482,88.6,1541542.0
2019-06-12,88.24,88.37,88.2301,88.35,1142919.0
2019-06-11,88.2,88.28,88.18,88.21,1245587.0
2019-06-10,88.32,88.35,88.2,88.21,2138509.0
2019-06-07,88.48,88.6399,88.38,88.46,1375398.0
2019-06-06,88.11,88.24,88.05,88.13,1303970.0
2019-06-05,88.23,88.365,88.1,88.14,1558922.0
2019-06-04,88.0,88.09,87.86,88.09,3400950.0
2019-06-03,87.89,88.07,87.73,88.06,4577017.0
2019-05-31,87.81,88.07,87.72,88.07,2749709.0
2019-05-30,87.58,87.83,87.5,87.8,2463228.0
2019-05-29,87.52,87.585,87.43,87.43,2252134.0
2019-05-28,87.48,87.54,87.4111,87.43,814829.0
2019-05-24,87.24,87.34,87.21,87.32,754665.0
2019-05-23,87.08,87.33,87.04,87.21,1962849.0
2019-05-22,86.93,87.05,86.9,87.03,1252503.0
2019-05-21,86.93,86.93,86.83,86.87,1503480.0
2019-05-20,87.08,87.13,86.9001,86.96,1015155.0
2019-05-17,87.21,87.23,87.065,87.2,1129475.0
2019-05-16,87.11,87.14,87.0306,87.12,2169106.0
2019-05-15,87.22,87.24,87.04,87.18,2130515.0
2019-05-14,86.91,86.95,86.88,86.92,978024.0
2019-05-13,86.91,87.0,86.82,86.905,1945365.0
2019-05-10,86.79,86.83,86.7393,86.775,1040503.0
2019-05-09,86.87,87.0,86.69,86.78,789716.0
2019-05-08,86.935,86.935,86.64,86.65,1143056.0
2019-05-07,86.92,86.93,86.83,86.85,1089725.0
2019-05-06,86.72,86.88,86.69,86.79,2352924.0
2019-05-03,86.52,86.67,86.52,86.61,1211287.0
2019-05-02,86.62,86.62,86.3507,86.48,1246996.0
2019-05-01,86.76,87.11,86.62,86.62,1657794.0
2019-04-30,86.91,87.0292,86.88,86.99,1140045.0
2019-04-29,86.99,87.01,86.88,86.9,962351.0
2019-04-26,87.09,87.14,87.05,87.11,1398868.0
2019-04-25,86.9,86.91,86.77,86.81,1840822.0
2019-04-24,86.87,86.99,86.8194,86.94,1403378.0
2019-04-23,86.59,86.68,86.52,86.67,1651448.0
2019-04-22,86.48,86.54,86.385,86.43,1031657.0
2019-04-18,86.54,86.579,86.46,86.48,1419095.0
2019-04-17,86.46,86.52,86.41,86.41,797355.0
2019-04-16,86.56,86.6,86.4051,86.41,1278168.0
2019-04-15,86.64,86.675,86.59,86.6,754951.0
2019-04-12,86.65,86.71,86.59,86.61,1128788.0
2019-04-11,86.72,86.809,86.72,86.77,1373844.0
2019-04-10,86.66,86.85,86.64,86.84,1729279.0
2019-04-09,86.5,86.56,86.435,86.48,1486606.0
2019-04-08,86.48,86.48,86.35,86.36,991048.0
2019-04-05,86.3,86.51,86.28,86.45,1508437.0
2019-04-04,86.27,86.32,86.23,86.31,1025269.0
2019-04-03,86.24,86.31,86.2014,86.24,2699421.0
2019-04-02,86.32,86.37,86.25,86.33,1453128.0
2019-04-01,86.42,86.46,86.25,86.26,1676066.0
2019-03-29,86.72,86.927,86.72,86.87,1658658.0
2019-03-28,86.9,86.9666,86.8,86.96,1364169.0
2019-03-27,86.98,87.085,86.86,86.88,2777774.0
2019-03-26,86.76,86.94,86.74,86.84,1895638.0
2019-03-25,86.65,86.918,86.56,86.78,1209735.0
2019-03-22,86.49,86.69,86.465,86.6,1355192.0
2019-03-21,86.18,86.3,86.16,86.26,1369859.0
2019-03-20,85.69,86.2,85.6758,86.18,1405984.0
2019-03-19,85.58,85.7058,85.575,85.68,806612.0
2019-03-18,85.67,85.7,85.59,85.65,924258.0
2019-03-15,85.64,85.739,85.62,85.71,1026258.0
2019-03-14,85.49,85.495,85.37,85.43,1624139.0
2019-03-13,85.53,85.53,85.4493,85.5,1060789.0
2019-03-12,85.43,85.659,85.43,85.56,1407696.0
2019-03-11,85.31,85.375,85.26,85.37,1520795.0
2019-03-08,85.23,85.29,85.1,85.28,2837177.0
2019-03-07,85.17,85.28,85.12,85.21,1250810.0
2019-03-06,84.88,85.05,84.86,85.04,1629731.0
2019-03-05,84.8,84.89,84.75,84.84,1059060.0
2019-03-04,84.83,84.87,84.76,84.84,909238.0
2019-03-01,84.85,84.87,84.68,84.71,3988653.0
2019-02-28,85.16,85.17,85.04,85.04,2223989.0
2019-02-27,85.18,85.22,85.11,85.16,2285506.0
2019-02-26,85.28,85.35,85.17,85.26,1027965.0
2019-02-25,85.1,85.14,85.04,85.11,1061470.0
2019-02-22,84.96,85.19,84.95,85.13,983486.0
2019-02-21,84.75,84.85,84.7,84.82,1025394.0
2019-02-20,84.93,84.97,84.84,84.94,1322188.0
2019-02-19,85.03,85.03,84.9,84.95,1185917.0
2019-02-15,84.86,84.94,84.86,84.9,1090381.0
2019-02-14,84.96,84.96,84.81,84.86,960331.0
2019-02-13,84.72,84.76,84.665,84.71,1386316.0
2019-02-12,84.81,84.85,84.7615,84.85,1043248.0
2019-02-11,84.8,84.82,84.745,84.78,1163434.0
2019-02-08,84.82,84.95,84.7968,84.9,1534895.0
2019-02-07,84.77,84.805,84.655,84.79,1078125.0
2019-02-06,84.87,84.87,84.67,84.72,1316391.0
2019-02-05,84.7,84.86,84.6801,84.74,1796446.0
2019-02-04,84.49,84.57,84.435,84.55,3927256.0
2019-02-01,84.8,84.815,84.56,84.61,2347574.0
2019-01-31,84.95,85.195,84.89,85.16,2275517.0
2019-01-30,84.34,84.72,84.3,84.67,2344924.0
2019-01-29,84.28,84.31,84.23,84.28,2321482.0
2019-01-28,84.07,84.14,84.01,84.11,1780044.0
2019-01-25,84.07,84.12,84.03,84.09,1273325.0
2019-01-24,84.18,84.19,84.07,84.12,2026281.0
2019-01-23,83.77,83.94,83.735,83.92,3366860.0
2019-01-22,83.67,83.81,83.65,83.7,3058623.0
2019-01-18,83.55,83.67,83.5057,83.585,2277085.0
2019-01-17,83.46,83.59,83.41,83.51,2856808.0
2019-01-16,83.33,83.55,83.28,83.5,23908523.0
2019-01-15,83.47,83.47,83.32,83.35,3068177.0
2019-01-14,83.3,83.37,83.2838,83.29,2468278.0
2019-01-11,83.36,83.39,83.28,83.35,1795674.0
2019-01-10,83.28,83.28,83.09,83.11,1718811.0
2019-01-09,83.03,83.25,83.02,83.25,1512446.0
2019-01-08,82.91,82.99,82.89,82.94,1896454.0
2019-01-07,83.05,83.09,82.85,82.87,1959037.0
2019-01-04,82.94,83.0,82.85,82.98,2723978.0
2019-01-03,82.96,83.21,82.91,83.16,1581704.0
2019-01-02,82.86,82.97,82.76,82.97,2280739.0
2018-12-31,82.6,82.87,82.5701,82.86,1429370.0
2018-12-28,82.38,82.6,82.35,82.6,1223170.0
2018-12-27,82.3,82.36,82.16,82.3,1445025.0
2018-12-26,82.25,82.25,81.98,82.05,2298349.0
2018-12-24,82.28,82.36,82.16,82.28,960823.0
2018-12-21,82.64,82.69,82.45,82.68,1597853.0
2018-12-20,82.89,82.92,82.48,82.55,1769896.0
2018-12-19,82.9,82.95,82.67,82.67,1979420.0
2018-12-18,82.7,82.81,82.6799,82.8,1063030.0
2018-12-17,82.53,82.63,82.5096,82.59,1444894.0
2018-12-14,82.6,82.65,82.48,82.53,1167747.0
2018-12-13,82.5,82.59,82.45,82.51,1808204.0
2018-12-12,82.36,82.45,82.32,82.33,1564426.0
2018-12-11,82.37,82.44,82.31,82.4,1732941.0
2018-12-10,82.38,82.4,82.22,82.4,1716552.0
2018-12-07,82.26,82.32,82.2,82.31,3618315.0
2018-12-06,82.15,82.3301,82.03,82.19,2526022.0
2018-12-04,82.13,82.19,81.96,82.02,1196577.0
2018-12-03,81.97,82.07,81.95,82.06,1901120.0
2018-11-30,82.18,82.18,82.01,82.11,1463062.0
2018-11-29,82.33,82.3675,82.12,82.17,1356668.0
2018-11-28,82.12,82.35,81.98,82.33,1260568.0
2018-11-27,82.13,82.19,82.09,82.13,1176196.0
2018-11-26,82.23,82.26,82.12,82.14,1211802.0
2018-11-23,82.33,82.37,82.19,82.19,474356.0
2018-11-21,82.18,82.24,82.15,82.16,833717.0
2018-11-20,82.1,82.16,82.07,82.12,1803273.0
2018-11-19,82.25,82.28,82.17,82.17,1186473.0
2018-11-16,82.26,82.32,82.18,82.31,1269677.0
2018-11-15,82.15,82.225,82.0,82.16,1268117.0
2018-11-14,82.15,82.27,82.11,82.12,992821.0
2018-11-13,82.27,82.31,82.22,82.26,1073962.0
2018-11-12,82.32,82.35,82.18,82.22,567363.0
2018-11-09,82.19,82.315,82.165,82.24,1049056.0
2018-11-08,82.31,82.34,82.12,82.13,1070539.0
2018-11-07,82.37,82.47,82.29,82.34,1785724.0
2018-11-06,82.25,82.25,82.14,82.18,1086974.0
2018-11-05,82.2,82.25,82.13,82.16,1335206.0
2018-11-02,82.32,82.355,82.09,82.1,992175.0
2018-11-01,82.22,82.42,82.205,82.42,1252295.0
2018-10-31,82.5,82.64,82.5,82.55,1433639.0
2018-10-30,82.75,82.81,82.61,82.64,1167770.0
2018-10-29,82.8,82.83,82.71,82.78,1411036.0
2018-10-26,82.84,82.9599,82.81,82.85,1091779.0
2018-10-25,82.7,82.8,82.6,82.65,1061792.0
2018-10-24,82.79,82.79,82.68,82.74,1539974.0
2018-10-23,82.66,82.72,82.52,82.59,1778944.0
2018-10-22,82.59,82.6,82.45,82.45,973697.0
2018-10-19,82.58,82.6392,82.4,82.44,965704.0
2018-10-18,82.47,82.66,82.43,82.54,1005653.0
2018-10-17,82.77,82.775,82.53,82.54,846979.0
2018-10-16,82.69,82.79,82.6447,82.75,1003010.0
2018-10-15,82.73,82.7663,82.66,82.69,687120.0
2018-10-12,82.74,82.88,82.69,82.69,1158812.0
2018-10-11,82.66,82.85,82.59,82.74,1849321.0
2018-10-10,82.44,82.53,82.36,82.5,1456814.0
2018-10-09,82.57,82.64,82.52,82.56,2603231.0
2018-10-08,82.55,82.66,82.52,82.53,726783.0
2018-10-05,82.57,82.6648,82.42,82.53,2581859.0
2018-10-04,82.81,82.85,82.65,82.68,1324074.0
2018-10-03,83.26,83.2805,82.85,82.98,1524757.0
2018-10-02,83.34,83.41,83.27,83.3,1423175.0
2018-10-01,83.27,83.34,83.2282,83.26,1375849.0
2018-09-28,83.61,83.6325,83.52,83.53,903985.0
2018-09-27,83.49,83.58,83.45,83.57,1750434.0
2018-09-26,83.3,83.53,83.3,83.47,987936.0
2018-09-25,83.19,83.26,83.16,83.26,782214.0
2018-09-24,83.28,83.355,83.23,83.28,1249337.0
2018-09-21,83.37,83.46,83.35,83.35,1075672.0
2018-09-20,83.3,83.49,83.28,83.4,959608.0
2018-09-19,83.41,83.45,83.27,83.34,1001400.0
2018-09-18,83.52,83.53,83.385,83.4,933822.0
2018-09-17,83.54,83.64,83.52,83.57,893186.0
2018-09-14,83.65,83.725,83.58,83.58,1176237.0
2018-09-13,83.8,83.83,83.71,83.74,869893.0
2018-09-12,83.7,83.72,83.6399,83.68,981307.0
2018-09-11,83.59,83.6,83.52,83.55,2473777.0
2018-09-10,83.67,83.71,83.66,83.69,4112718.0
2018-09-07,83.7,83.71,83.615,83.63,1042129.0
2018-09-06,83.86,83.99,83.82,83.92,1120465.0
2018-09-05,83.76,83.79,83.7,83.76,898124.0
2018-09-04,83.79,83.88,83.72,83.81,1186467.0
2018-08-31,84.24,84.26,84.14,84.17,716657.0
2018-08-30,84.2,84.2,84.09,84.14,710290.0
2018-08-29,84.21,84.21,84.0501,84.07,1151649.0
2018-08-28,84.26,84.27,84.1,84.11,903888.0
2018-08-27,84.3,84.38,84.27,84.31,838233.0
2018-08-24,84.21,84.42,84.19,84.42,1366556.0
2018-08-23,84.35,84.4799,84.26,84.27,1748482.0
2018-08-22,84.4,84.44,84.25,84.3,1146986.0
2018-08-21,84.36,84.37,84.25,84.25,966038.0
2018-08-20,84.38,84.45,84.34,84.42,1053202.0
2018-08-17,84.23,84.3,84.18,84.25,934714.0
2018-08-16,84.11,84.19,84.04,84.11,923670.0
2018-08-15,84.13,84.15,84.05,84.1,1365182.0
2018-08-14,84.04,84.05,83.98,84.03,2545548.0
2018-08-13,83.93,83.99,83.8732,83.94,1038804.0
2018-08-10,83.78,84.04,83.75,83.93,982702.0
2018-08-09,83.8,83.86,83.76,83.78,2715974.0
2018-08-08,83.74,83.78,83.69,83.72,1026967.0
2018-08-07,83.74,83.89,83.74,83.75,1161791.0
2018-08-06,83.89,83.9964,83.81,83.91,703233.0
2018-08-03,83.72,83.86,83.6902,83.81,917785.0
2018-08-02,83.49,83.62,83.47,83.62,2393058.0
2018-08-01,83.5,83.5885,83.45,83.55,783187.0
2018-07-31,83.92,83.98,83.86,83.94,953872.0
2018-07-30,83.74,83.81,83.7,83.73,699348.0
2018-07-27,83.86,83.92,83.78,83.84,1497047.0
2018-07-26,83.71,83.86,83.7001,83.72,751223.0
2018-07-25,83.73,83.8,83.6321,83.66,954909.0
2018-07-24,83.59,83.68,83.5201,83.68,849040.0
2018-07-23,83.72,83.75,83.47,83.52,1282356.0
2018-07-20,83.85,83.93,83.75,83.81,1039083.0
2018-07-19,83.76,83.97,83.76,83.94,838638.0
2018-07-18,83.88,83.88,83.74,83.77,1021497.0
2018-07-17,83.85,83.86,83.73,83.77,3854864.0
2018-07-16,83.85,83.85,83.65,83.8,1026586.0
2018-07-13,83.89,83.99,83.88,83.91,830271.0
2018-07-12,83.79,83.85,83.68,83.83,679070.0
2018-07-11,83.7,83.7357,83.5834,83.7,694961.0
2018-07-10,83.63,83.71,83.59,83.6,1199661.0
2018-07-09,83.61,83.68,83.6,83.66,1256056.0
2018-07-06,83.75,83.79,83.67,83.72,746831.0
2018-07-05,83.53,83.73,83.5,83.73,900229.0
2018-07-03,83.24,83.49,83.24,83.47,729431.0
2018-07-02,83.31,83.364,83.2,83.24,799171.0
2018-06-29,83.59,83.64,83.49,83.52,741793.0
2018-06-28,83.54,83.57,83.48,83.53,843266.0
2018-06-27,83.57,83.6,83.45,83.59,1164252.0
2018-06-26,83.195,83.3999,83.195,83.39,1139630.0
2018-06-25,83.3,83.37,83.18,83.2,2433455.0
2018-06-22,83.18,83.27,83.16,83.23,2362620.0
2018-06-21,83.23,83.27,83.163,83.19,1289322.0
2018-06-20,83.45,83.45,83.18,83.23,632350.0
2018-06-19,83.49,83.53,83.37,83.45,760411.0
2018-06-18,83.39,83.41,83.29,83.37,573270.0
2018-06-15,83.54,83.6433,83.4,83.42,590185.0
2018-06-14,83.41,83.47,83.32,83.45,948641.0
2018-06-13,83.28,83.35,82.98,83.21,876139.0
2018-06-12,83.21,83.29,83.191,83.24,952012.0
2018-06-11,83.23,83.32,83.22,83.27,1308138.0
2018-06-08,83.36,83.45,83.34,83.36,564191.0
2018-06-07,83.2,83.595,83.1701,83.43,1012525.0
2018-06-06,83.29,83.29,83.15,83.2,1428948.0
2018-06-05,83.49,83.58,83.3947,83.43,943038.0
2018-06-04,83.44,83.48,83.32,83.34,610917.0
2018-06-01,83.44,83.6,83.43,83.5,882827.0
2018-05-31,83.94,84.023,83.79,83.92,997872.0
2018-05-30,84.1,84.13,83.87,83.9,1869643.0
2018-05-29,83.87,84.44,83.83,84.28,1197484.0
2018-05-25,83.7,83.805,83.7,83.8,589858.0
2018-05-24,83.55,83.7,83.53,83.59,873606.0
2018-05-23,83.26,83.46,83.23,83.41,814380.0
2018-05-22,83.18,83.18,83.0501,83.1,926482.0
2018-05-21,83.04,83.129,82.99,83.12,632598.0
2018-05-18,82.92,83.12,82.92,83.08,513757.0
2018-05-17,82.9,82.93,82.8111,82.84,1228899.0
2018-05-16,82.96,83.02,82.86,82.87,1097551.0
2018-05-15,83.13,83.14,82.83,82.95,967699.0
2018-05-14,83.45,83.46,83.36,83.38,886313.0
2018-05-11,83.53,83.53,83.42,83.49,672949.0
2018-05-10,83.4,83.505,83.4,83.44,740361.0
2018-05-09,83.18,83.27,83.13,83.23,787990.0
2018-05-08,83.25,83.35,83.19,83.27,1213527.0
2018-05-07,83.41,83.42,83.35,83.38,978671.0
2018-05-04,83.47,83.47,83.29,83.39,928295.0
2018-05-03,83.48,83.5,83.3,83.3,2218430.0
2018-05-02,83.35,83.44,83.3,83.33,811046.0
2018-05-01,83.44,83.45,83.26,83.3,1012964.0
2018-04-30,83.72,83.78,83.67,83.67,811960.0
2018-04-27,83.68,83.74,83.66,83.71,753056.0
2018-04-26,83.57,83.65,83.5208,83.57,1420844.0
2018-04-25,83.47,83.48,83.35,83.43,987188.0
2018-04-24,83.67,83.72,83.57,83.59,1476370.0
2018-04-23,83.75,83.78,83.62,83.68,942874.0
2018-04-20,83.93,83.9988,83.73,83.77,820996.0
2018-04-19,84.03,84.1,83.89,84.01,928697.0
2018-04-18,84.41,84.503,84.18,84.18,890190.0
2018-04-17,84.48,84.56,84.44,84.51,868641.0
2018-04-16,84.37,84.49,84.37,84.46,875737.0
2018-04-13,84.43,84.55,84.4225,84.52,674929.0
2018-04-12,84.62,84.655,84.5,84.53,697299.0
2018-04-11,84.63,84.71,84.5547,84.66,741350.0
2018-04-10,84.63,84.67,84.53,84.59,1255180.0
2018-04-09,84.52,84.62,84.47,84.62,733343.0
2018-04-06,84.55,84.63,84.4543,84.57,1474315.0
2018-04-05,84.35,84.38,84.28,84.37,1347669.0
2018-04-04,84.42,84.45,84.3,84.38,6020410.0
2018-04-03,84.47,84.51,84.32,84.35,3262003.0
2018-04-02,84.58,84.6362,84.42,84.56,1011887.0
2018-03-29,84.68,84.895,84.61,84.84,1881566.0
2018-03-28,84.66,84.75,84.5129,84.58,1134736.0
2018-03-27,84.24,84.55,84.2,84.51,1525280.0
2018-03-26,84.22,84.25,84.09,84.16,2022468.0
2018-03-23,84.17,84.25,84.11,84.15,1353434.0
2018-03-22,84.3,84.405,84.175,84.26,1533293.0
2018-03-21,84.06,84.2,83.86,84.13,1776508.0
2018-03-20,84.25,84.27,84.1369,84.17,1056222.0
2018-03-19,84.41,84.5199,84.37,84.38,900330.0
2018-03-16,84.43,84.58,84.415,84.58,1385791.0
2018-03-15,84.55,84.589,84.455,84.52,779979.0
2018-03-14,84.41,84.67,84.41,84.57,1023760.0
2018-03-13,84.55,84.57,84.415,84.45,915317.0
2018-03-12,84.43,84.48,84.3801,84.47,802449.0
2018-03-09,84.49,84.49,84.34,84.41,958530.0
2018-03-08,84.59,84.7,84.52,84.61,838926.0
2018-03-07,84.59,84.63,84.47,84.52,1111382.0
2018-03-06,84.59,84.62,84.47,84.49,1169492.0
2018-03-05,84.65,84.66,84.28,84.41,2533207.0
2018-03-02,84.53,84.65,84.4,84.49,1399493.0
2018-03-01,84.63,84.7968,84.4949,84.69,1508627.0
2018-02-28,84.86,84.88,84.8,84.84,954460.0
2018-02-27,85.12,85.12,84.65,84.78,1184367.0
2018-02-26,85.1,85.22,85.08,85.09,909258.0
2018-02-23,84.86,85.02,84.83,84.96,862646.0
2018-02-22,84.79,84.85,84.6736,84.68,1037402.0
2018-02-21,84.96,84.99,84.54,84.56,1262565.0
2018-02-20,84.85,84.92,84.74,84.85,1407786.0
2018-02-16,84.97,85.1,84.946,85.03,1060792.0
2018-02-15,84.72,84.95,84.72,84.85,1312202.0
2018-02-14,84.69,84.7553,84.56,84.67,1427257.0
2018-02-13,84.96,85.0,84.83,84.96,1636801.0
2018-02-12,85.05,85.07,84.915,84.98,3230298.0
2018-02-09,85.2,85.218,85.02,85.03,3732814.0
2018-02-08,85.34,85.44,85.14,85.2,1821987.0
2018-02-07,85.71,85.8,85.38,85.4,1370551.0
2018-02-06,85.81,85.82,85.57,85.57,2297542.0
2018-02-05,85.63,86.02,85.44,85.88,2082703.0
2018-02-02,85.64,85.72,85.46,85.57,1866477.0
2018-02-01,86.17,86.19,85.81,85.81,1828743.0
2018-01-31,86.44,86.47,86.15,86.38,1555108.0
2018-01-30,86.4,86.42,86.24,86.27,1753106.0
2018-01-29,86.42,86.46,86.3,86.43,964382.0
2018-01-26,86.69,86.69,86.55,86.64,899268.0
2018-01-25,86.52,86.82,86.44,86.79,1051325.0
2018-01-24,86.45,86.59,86.41,86.54,2177956.0
2018-01-23,86.54,86.6375,86.49,86.63,2652008.0
2018-01-22,86.44,86.499,86.33,86.38,1948290.0
2018-01-19,86.5,86.55,86.34,86.39,1391909.0
2018-01-18,86.58,86.68,86.54,86.59,1627102.0
2018-01-17,86.93,86.95,86.73,86.79,1148033.0
2018-01-16,86.98,87.12,86.9,86.97,1377511.0
2018-01-12,86.86,87.07,86.82,86.98,1103605.0
2018-01-11,86.97,87.13,86.81,87.01,1840341.0
2018-01-10,86.86,86.98,86.67,86.97,1136273.0
2018-01-09,87.02,87.09,86.87,86.89,1356038.0
2018-01-08,87.26,87.26,87.08,87.13,1234569.0
2018-01-05,87.22,87.24,87.08,87.16,1042092.0
2018-01-04,87.15,87.25,87.05,87.22,1354024.0
2018-01-03,87.22,87.315,87.0901,87.24,1101686.0
2018-01-02,87.41,87.41,87.01,87.17,967681.0
2017-12-29,87.29,87.47,87.29,87.39,1117187.0
2017-12-28,87.37,87.37,87.21,87.32,926189.0
2017-12-27,87.14,87.42,87.11,87.38,1272877.0
2017-12-26,87.07,87.09,86.97,87.05,767356.0
2017-12-22,87.19,87.2,87.1297,87.2,831516.0
2017-12-21,87.16,87.2,87.1,87.19,1010822.0
2017-12-20,87.1,87.25,87.09,87.13,1394150.0
2017-12-19,87.4,87.4,87.18,87.22,1188258.0
2017-12-18,87.58,87.69,87.5,87.54,1054377.0
2017-12-15,87.61,87.73,87.56,87.65,1390200.0
2017-12-14,87.54,87.75,87.49,87.67,1041544.0
2017-12-13,87.46,87.86,87.42,87.71,925182.0
2017-12-12,87.45,87.45,87.335,87.41,1001501.0
2017-12-11,87.43,87.58,87.43,87.47,1031916.0
2017-12-08,87.53,87.56,87.42,87.49,636113.0
2017-12-07,87.53,87.72,87.45,87.53,1188843.0
2017-12-06,87.58,87.73,87.58,87.64,1216926.0
2017-12-05,87.38,87.52,87.24,87.51,1964053.0
2017-12-04,87.38,87.41,87.2,87.37,1093650.0
2017-12-01,87.19,87.71,87.16,87.4,1223243.0
2017-11-30,87.52,87.66,87.39,87.49,1600217.0
2017-11-29,87.66,87.66,87.5,87.61,1200136.0
2017-11-28,87.89,87.91,87.77,87.82,1080808.0
2017-11-27,87.81,87.83,87.67,87.77,764686.0
2017-11-24,87.76,87.7999,87.7,87.78,385837.0
2017-11-22,87.68,87.82,87.56,87.77,668588.0
2017-11-21,87.49,87.61,87.42,87.52,1003538.0
2017-11-20,87.42,87.46,87.33,87.39,910599.0
2017-11-17,87.5,87.52,87.38,87.45,1110476.0
2017-11-16,87.38,87.45,87.32,87.37,978217.0
2017-11-15,87.27,87.46,87.22,87.4,1409581.0
2017-11-14,87.21,87.285,87.16,87.23,1510684.0
2017-11-13,87.34,87.37,87.175,87.19,874545.0
2017-11-10,87.35,87.43,87.22,87.25,921730.0
2017-11-09,87.59,87.7,87.55,87.63,909830.0
2017-11-08,87.87,87.87,87.69,87.71,934382.0
2017-11-07,87.85,87.8723,87.8,87.84,1270072.0
2017-11-06,87.91,87.92,87.798,87.85,678262.0
2017-11-03,87.88,87.9146,87.717,87.79,1141469.0
2017-11-02,87.85,87.9148,87.75,87.78,1527949.0
2017-11-01,87.67,87.86,87.61,87.73,721238.0
2017-10-31,88.06,88.06,87.95,87.95,773588.0
2017-10-30,88.0,88.04,87.92,88.03,743816.0
2017-10-27,87.68,87.86,87.6325,87.84,625340.0
2017-10-26,87.77,87.78,87.6,87.63,723690.0
2017-10-25,87.63,87.71,87.57,87.66,1185141.0
2017-10-24,87.81,87.879,87.79,87.82,973076.0
2017-10-23,87.96,88.039,87.95,87.97,931276.0
2017-10-20,87.9,88.009,87.85,87.87,873912.0
2017-10-19,88.19,88.21,88.03,88.11,1748946.0
2017-10-18,87.99,88.02,87.93,88.01,1226979.0
2017-10-17,88.09,88.18,88.03,88.16,704687.0
2017-10-16,88.14,88.2,88.05,88.1,532329.0
2017-10-13,88.19,88.28,88.12,88.23,692241.0
2017-10-12,87.98,88.0,87.91,87.95,1076847.0
2017-10-11,88.01,88.02,87.9,87.97,1018647.0
2017-10-10,87.89,88.02,87.84,87.94,1591864.0
2017-10-09,87.82,87.94,87.8,87.88,472996.0
2017-10-06,87.7,87.84,87.57,87.78,731125.0
2017-10-05,87.96,87.97,87.831,87.87,813629.0
2017-10-04,87.96,88.03,87.83,88.0,833173.0
2017-10-03,87.8,87.92,87.785,87.91,1156627.0
2017-10-02,87.92,87.95,87.72,87.75,1304734.0
2017-09-29,88.12,88.15,87.9,88.01,2143074.0
2017-09-28,87.84,88.04,87.83,88.04,1258213.0
2017-09-27,87.91,88.009,87.89,87.935,4012588.0
2017-09-26,88.18,88.25,88.09,88.19,1183791.0
2017-09-25,88.04,88.24,88.03,88.21,1404172.0
2017-09-22,88.02,88.05,87.93,87.99,1718919.0
2017-09-21,87.99,88.0318,87.82,87.82,1212758.0
2017-09-20,88.09,88.1494,87.78,87.87,1343761.0
2017-09-19,88.08,88.1,87.96,88.02,1521467.0
2017-09-18,87.98,88.02,87.9,87.96,738023.0
2017-09-15,88.09,88.1,87.95,88.06,602510.0
2017-09-14,87.97,88.08,87.96,88.04,637929.0
2017-09-13,88.1,88.12,88.0,88.03,903056.0
2017-09-12,88.15,88.215,88.05,88.15,535930.0
2017-09-11,88.31,88.3799,88.18,88.2,1037947.0
2017-09-08,88.64,88.64,88.47,88.5,1299129.0
2017-09-07,88.58,88.76,88.5258,88.68,5464967.0
2017-09-06,88.57,88.6478,88.33,88.37,2249971.0
2017-09-05,88.45,88.6,88.35,88.59,1091953.0
2017-09-01,88.29,88.308,88.1,88.15,1085842.0
2017-08-31,88.5,88.6264,88.47,88.57,753856.0
2017-08-30,88.42,88.46,88.37,88.46,610011.0
2017-08-29,88.57,88.58,88.38,88.43,1074596.0
2017-08-28,88.28,88.35,88.25,88.35,892458.0
2017-08-25,88.17,88.32,88.11,88.29,905022.0
2017-08-24,88.18,88.217,88.1,88.11,684628.0
2017-08-23,88.1,88.26,88.051,88.26,1512136.0
2017-08-22,87.97,88.07,87.93,87.98,666577.0
2017-08-21,88.12,88.2,88.01,88.06,987305.0
2017-08-18,88.14,88.2,87.93,88.01,1156994.0
2017-08-17,87.88,88.11,87.87,88.06,1109592.0
2017-08-16,87.68,88.03,87.66,88.01,1686951.0
2017-08-15,87.64,87.7536,87.63,87.7,729450.0
2017-08-14,87.85,87.925,87.75,87.86,1319066.0
2017-08-11,87.76,87.9333,87.74,87.905,874950.0
2017-08-10,87.82,87.87,87.7,87.79,1821025.0
2017-08-09,87.95,88.02,87.78,87.8,969635.0
2017-08-08,87.94,87.969,87.76,87.8,1908313.0
2017-08-07,87.98,88.0,87.88,87.98,646463.0
2017-08-04,87.96,87.9983,87.76,87.91,769074.0
2017-08-03,88.08,88.1704,88.03,88.11,2750077.0
2017-08-02,88.05,88.15,87.98,88.01,735890.0
2017-08-01,87.83,88.13,87.83,88.09,593611.0
2017-07-31,88.05,88.13,88.01,88.13,638622.0
2017-07-28,87.97,88.12,87.96,88.11,874277.0
2017-07-27,88.04,88.04,87.875,87.95,896356.0
2017-07-26,87.85,88.21,87.8,88.09,1297617.0
2017-07-25,87.92,87.9399,87.73,87.76,1446884.0
2017-07-24,88.22,88.22,88.04,88.12,1176667.0
2017-07-21,88.13,88.23,88.1,88.21,1227406.0
2017-07-20,88.09,88.1199,87.97,88.02,1189083.0
2017-07-19,88.04,88.08,87.91,87.94,1175953.0
2017-07-18,87.85,88.02,87.85,88.0,810407.0
2017-07-17,87.7,87.7693,87.64,87.72,1023898.0
2017-07-14,87.8,87.8,87.6,87.7,1200162.0
2017-07-13,87.5,87.54,87.4,87.51,855776.0
2017-07-12,87.6,87.65,87.48,87.58,647689.0
2017-07-11,87.2,87.35,87.16,87.32,626818.0
2017-07-10,87.17,87.245,87.11,87.2,741937.0
2017-07-07,87.14,87.14,87.03,87.09,865954.0
2017-07-06,87.12,87.18,86.97,87.18,1183455.0
2017-07-05,87.13,87.28,87.12,87.22,1298923.0
2017-07-03,87.4,87.41,87.085,87.14,486373.0
2017-06-30,87.72,87.72,87.5201,87.53,840116.0
2017-06-29,87.52,87.7,87.51,87.64,3204957.0
2017-06-28,87.84,87.91,87.7001,87.85,804513.0
2017-06-27,87.94,87.9799,87.76,87.83,821084.0
2017-06-26,88.16,88.22,88.09,88.12,1434094.0
2017-06-23,87.99,88.05,87.96,88.04,1362308.0
2017-06-22,87.99,88.03,87.88,88.02,660456.0
2017-06-21,87.91,87.9731,87.86,87.92,1487432.0
2017-06-20,87.85,88.01,87.8306,87.98,1047198.0
2017-06-19,87.92,88.0,87.79,87.79,836650.0
2017-06-16,87.93,88.06,87.9,88.0,3347345.0
2017-06-15,87.91,87.98,87.84,87.93,1212029.0
2017-06-14,88.13,88.305,88.0,88.11,969143.0
2017-06-13,87.62,87.74,87.59,87.73,630655.0
2017-06-12,87.58,87.77,87.5302,87.65,661844.0
2017-06-09,87.54,87.71,87.54,87.59,841162.0
2017-06-08,87.75,87.84,87.6,87.7,721623.0
2017-06-07,87.9,87.95,87.75,87.83,579610.0
2017-06-06,87.97,88.03,87.9,87.94,527658.0
2017-06-05,87.76,87.87,87.71,87.78,962351.0
2017-06-02,87.78,87.98,87.71,87.83,857132.0
2017-06-01,87.4,87.62,87.38,87.58,960397.0
2017-05-31,87.74,87.9,87.74,87.82,1369031.0
2017-05-30,87.69,87.775,87.6526,87.72,632173.0
2017-05-26,87.55,87.62,87.52,87.62,464992.0
2017-05-25,87.55,87.64,87.49,87.56,577377.0
2017-05-24,87.37,87.5899,87.3,87.58,543678.0
2017-05-23,87.64,87.6614,87.35,87.39,905416.0
2017-05-22,87.55,87.6299,87.5,87.58,628438.0
2017-05-19,87.53,87.63,87.46,87.61,471011.0
2017-05-18,87.6,87.74,87.5,87.63,968627.0
2017-05-17,87.5,87.69,87.45,87.69,555114.0
2017-05-16,87.09,87.29,87.0753,87.2,1080389.0
2017-05-15,87.03,87.09,86.97,87.07,625766.0
2017-05-12,86.95,87.08,86.88,87.07,494720.0
2017-05-11,86.51,86.76,86.51,86.67,553933.0
2017-05-10,86.71,86.7899,86.54,86.62,1005543.0
2017-05-09,86.5,86.6,86.46,86.6,835089.0
2017-05-08,86.72,86.72,86.51,86.53,849030.0
2017-05-05,86.66,86.74,86.5701,86.74,669108.0
2017-05-04,86.68,86.73,86.575,86.67,707482.0
2017-05-03,86.99,87.05,86.78,86.8,1031920.0
2017-05-02,86.74,87.01,86.7145,86.99,844402.0
2017-05-01,86.9,86.979,86.683,86.8,636558.0
2017-04-28,87.01,87.18,86.9,87.15,724179.0
2017-04-27,86.97,87.167,86.96,87.09,611357.0
2017-04-26,86.84,87.03,86.78,87.03,1185835.0
2017-04-25,86.88,87.0,86.74,86.8,805420.0
2017-04-24,86.99,87.125,86.91,87.06,718891.0
2017-04-21,87.24,87.3,87.12,87.19,779346.0
2017-04-20,87.19,87.22,87.04,87.15,608355.0
2017-04-19,87.35,87.36,87.21,87.24,682254.0
2017-04-18,87.26,87.5099,87.18,87.45,984606.0
2017-04-17,87.25,87.25,86.97,87.04,700887.0
2017-04-13,87.08,87.217,86.9201,87.13,682626.0
2017-04-12,86.8,86.97,86.7,86.96,678518.0
2017-04-11,86.64,86.81,86.57,86.73,860034.0
2017-04-10,86.37,86.5002,86.34,86.45,1217814.0
2017-04-07,86.62,86.7148,86.24,86.26,1556530.0
2017-04-06,86.55,86.589,86.3768,86.55,1139614.0
2017-04-05,86.38,86.6,86.291,86.5,1094249.0
2017-04-04,86.44,86.51,86.36,86.41,983760.0
2017-04-03,86.26,86.5,86.2,86.5,610250.0
2017-03-31,86.36,86.405,86.3,86.38,1112343.0
2017-03-30,86.38,86.41,86.22,86.28,691939.0
2017-03-29,86.37,86.4336,86.25,86.39,911184.0
2017-03-28,86.45,86.5,86.19,86.2,993687.0
2017-03-27,86.39,86.49,86.295,86.38,1237163.0
2017-03-24,86.1,86.29,86.07,86.15,662369.0
2017-03-23,86.23,86.3,86.03,86.19,710059.0
2017-03-22,86.22,86.3098,86.1281,86.28,618774.0
2017-03-21,85.95,86.158,85.9,86.12,783851.0
2017-03-20,85.75,85.97,85.73,85.97,587353.0
2017-03-17,85.64,85.77,85.61,85.73,595903.0
2017-03-16,85.61,85.68,85.53,85.55,837092.0
2017-03-15,85.09,85.74,85.06,85.71,1438584.0
2017-03-14,85.0,85.1,84.95,85.01,1090897.0
2017-03-13,85.07,85.14,84.96,84.96,639807.0
2017-03-10,85.19,85.21,85.05,85.15,803695.0
2017-03-09,85.17,85.2,84.97,84.97,1289256.0
2017-03-08,85.31,85.423,85.27,85.35,758163.0
2017-03-07,85.77,85.8,85.6,85.62,1042839.0
2017-03-06,85.95,86.0,85.83,85.87,976340.0
2017-03-03,85.85,85.98,85.75,85.95,1539177.0
2017-03-02,85.89,85.9554,85.77,85.87,1191240.0
2017-03-01,86.03,86.08,85.96,86.03,1363467.0
2017-02-28,86.75,86.8128,86.61,86.62,1104028.0
2017-02-27,86.81,86.85,86.63,86.63,1064833.0
2017-02-24,86.75,86.95,86.7,86.89,1135672.0
2017-02-23,86.47,86.55,86.4,86.49,1017470.0
2017-02-22,86.31,86.35,86.05,86.26,1216557.0
2017-02-21,86.04,86.28,86.01,86.15,1200659.0
2017-02-17,86.2,86.25,86.12,86.2,640659.0
2017-02-16,85.8,86.04,85.78,86.01,1073399.0
2017-02-15,85.63,85.77,85.59,85.69,1102870.0
2017-02-14,86.0,86.057,85.65,85.82,855569.0
2017-02-13,85.95,86.05,85.9,86.0,693540.0
2017-02-10,85.94,86.12,85.91,86.08,728467.0
2017-02-09,86.32,86.409,86.07,86.08,1656769.0
2017-02-08,86.43,86.52,86.2793,86.4,1134581.0
2017-02-07,86.13,86.38,86.01,86.23,815344.0
2017-02-06,86.11,86.18,85.92,86.12,786213.0
2017-02-03,85.92,86.03,85.68,85.79,881171.0
2017-02-02,85.85,85.9279,85.64,85.68,900545.0
2017-02-01,85.56,85.79,85.45,85.61,656378.0
2017-01-31,85.87,86.08,85.8,86.01,1567432.0
2017-01-30,85.88,85.915,85.73,85.74,1155342.0
2017-01-27,85.86,85.92,85.8,85.88,1456065.0
2017-01-26,85.64,85.799,85.51,85.78,2147241.0
2017-01-25,85.71,85.7299,85.55,85.63,3935085.0
2017-01-24,85.96,86.0704,85.8,85.87,1774586.0
2017-01-23,85.86,86.24,85.82,86.15,1463351.0
2017-01-20,85.53,85.82,85.51,85.79,9394709.0
2017-01-19,85.77,85.82,85.567,85.69,649661.0
2017-01-18,86.18,86.27,85.88,85.93,812595.0
2017-01-17,86.31,86.45,86.25,86.31,1128343.0
2017-01-13,85.95,86.12,85.82,86.01,525087.0
2017-01-12,86.35,86.38,86.118,86.175,639576.0
2017-01-11,86.1,86.38,85.9917,86.145,1166294.0
2017-01-10,86.04,86.1593,86.0101,86.08,1341014.0
2017-01-09,86.0,86.13,85.92,86.01,1285827.0
2017-01-06,85.92,86.07,85.8,85.81,802604.0
2017-01-05,86.0,86.25,85.9199,86.24,910303.0
2017-01-04,85.66,85.9,85.6,85.9,828671.0
2017-01-03,85.45,85.691,85.4,85.62,761480.0
2016-12-30,85.49,85.77,85.42,85.7,578472.0
2016-12-29,85.42,85.55,85.3,85.42,774323.0
2016-12-28,85.03,85.27,84.95,85.2,601219.0
2016-12-27,84.92,84.98,84.85,84.98,720015.0
2016-12-23,85.04,85.105,84.99,85.02,555835.0
2016-12-22,84.87,85.02,84.7962,84.95,566019.0
2016-12-21,85.12,85.25,85.0183,85.22,715314.0
2016-12-20,84.94,85.05,84.825,85.03,923452.0
2016-12-19,84.99,85.15,84.8815,85.13,761654.0
2016-12-16,84.82,84.98,84.64,84.8,775505.0
2016-12-15,84.83,84.97,84.65,84.74,1526299.0
2016-12-14,85.67,85.7099,84.88,84.92,1220139.0
2016-12-13,85.58,85.6,85.38,85.45,1448235.0
2016-12-12,85.41,85.54,85.3101,85.44,1473323.0
2016-12-09,85.69,85.78,85.3444,85.6,1282965.0
2016-12-08,85.75,85.84,85.62,85.72,827570.0
2016-12-07,85.87,85.97,85.71,85.89,1503198.0
2016-12-06,85.7,85.75,85.5794,85.68,1144297.0
2016-12-05,85.36,85.8,85.25,85.64,757818.0
2016-12-02,85.31,85.665,85.31,85.55,937154.0
2016-12-01,85.16,85.3,84.96,85.24,2743734.0
2016-11-30,85.63,85.75,85.51,85.69,736919.0
2016-11-29,85.7,86.0173,85.69,85.95,456320.0
2016-11-28,85.82,85.9725,85.67,85.86,462659.0
2016-11-25,85.69,85.7881,85.5,85.59,357439.0
2016-11-23,85.56,85.81,85.37,85.64,780872.0
2016-11-22,85.91,86.0699,85.85,86.0,656491.0
2016-11-21,85.81,85.93,85.64,85.81,852401.0
2016-11-18,86.24,86.31,85.7,85.79,723961.0
2016-11-17,86.5,86.59,86.2396,86.33,972907.0
2016-11-16,86.45,86.7,86.4,86.68,1597451.0
2016-11-15,86.39,86.6,86.24,86.52,1891786.0
2016-11-14,86.41,86.59,86.14,86.3,999904.0
2016-11-11,87.21,87.21,86.7,86.82,597785.0
2016-11-10,87.26,87.34,86.92,87.06,1000600.0
2016-11-09,87.87,87.8842,87.16,87.21,947041.0
2016-11-08,88.37,88.44,88.084,88.14,1534223.0
2016-11-07,88.4,88.45,88.23,88.33,1203726.0
2016-11-04,88.38,88.61,88.3599,88.45,380619.0
2016-11-03,88.3,88.44,88.23,88.28,671001.0
2016-11-02,88.26,88.49,88.24,88.35,763383.0
2016-11-01,88.15,88.3724,88.05,88.27,1014013.0
2016-10-31,88.6,88.69,88.55,88.56,556979.0
2016-10-28,88.5,88.637,88.49,88.53,474199.0
2016-10-27,88.64,88.67,88.45,88.56,426754.0
2016-10-26,88.9,89.06,88.84,88.87,609280.0
2016-10-25,89.02,89.219,88.99,89.08,699796.0
2016-10-24,89.28,89.28,89.05,89.07,427885.0
2016-10-21,89.21,89.28,89.08,89.25,504355.0
2016-10-20,89.26,89.3,89.1,89.21,871629.0
2016-10-19,89.12,89.25,89.0778,89.21,452222.0
2016-10-18,88.89,89.15,88.82,89.14,410552.0
2016-10-17,88.86,88.9814,88.81,88.91,569166.0
2016-10-14,88.88,89.03,88.75,88.75,410976.0
2016-10-13,88.89,89.1899,88.85,89.05,852942.0
2016-10-12,88.72,88.87,88.63,88.87,519065.0
2016-10-11,88.73,88.919,88.61,88.79,574263.0
2016-10-10,88.89,88.9699,88.76,88.92,450974.0
2016-10-07,88.92,88.99,88.7101,88.97,435856.0
2016-10-06,88.82,88.9399,88.7,88.83,487646.0
2016-10-05,89.0,89.0299,88.72,88.74,970577.0
2016-10-04,89.2,89.24,88.92,88.93,1800215.0
2016-10-03,89.4,89.44,89.11,89.23,1251641.0
2016-09-30,89.62,89.7199,89.4105,89.58,613445.0
2016-09-29,89.68,89.7423,89.55,89.69,710680.0
2016-09-28,89.79,89.84,89.7,89.76,1315968.0
2016-09-27,89.68,89.83,89.57,89.78,2046004.0
2016-09-26,89.49,89.64,89.48,89.57,1428310.0
2016-09-23,89.38,89.4325,89.29,89.33,456572.0
2016-09-22,89.3,89.48,89.25,89.44,750284.0
2016-09-21,88.86,89.189,88.69,89.16,488646.0
2016-09-20,88.94,89.0499,88.84,88.9,461184.0
2016-09-19,88.89,88.93,88.77,88.83,459638.0
2016-09-16,88.82,88.9299,88.72,88.83,1595138.0
2016-09-15,88.73,88.8499,88.6,88.81,1141227.0
2016-09-14,88.58,88.8499,88.55,88.73,1265019.0
2016-09-13,88.87,88.88,88.4001,88.54,989538.0
2016-09-12,88.8,88.94,88.65,88.82,1167744.0
2016-09-09,89.19,89.2699,88.78,88.81,729167.0
2016-09-08,89.53,89.66,89.26,89.31,562967.0
2016-09-07,89.86,89.895,89.66,89.72,877639.0
2016-09-06,89.43,89.8299,89.34,89.73,727179.0
2016-09-02,89.5,89.605,89.25,89.42,614340.0
2016-09-01,89.28,89.53,89.22,89.52,517429.0
2016-08-31,89.78,89.87,89.64,89.65,907943.0
2016-08-30,89.76,89.84,89.665,89.77,599974.0
2016-08-29,89.69,89.836,89.55,89.74,631163.0
2016-08-26,89.83,90.0202,89.41,89.46,646600.0
2016-08-25,89.74,89.89,89.7,89.73,572671.0
2016-08-24,89.95,90.0396,89.78,89.84,583477.0
2016-08-23,89.98,90.02,89.82,89.92,650148.0
2016-08-22,89.73,89.85,89.65,89.83,501113.0
2016-08-19,89.6,89.75,89.47,89.59,463162.0
2016-08-18,89.83,89.87,89.62,89.79,850223.0
2016-08-17,89.55,89.89,89.45,89.74,1615898.0
2016-08-16,89.6,89.6,89.35,89.45,643568.0
2016-08-15,89.68,89.7199,89.51,89.51,589447.0
2016-08-12,89.87,89.9,89.66,89.73,1124119.0
2016-08-11,89.79,89.806,89.33,89.44,753386.0
2016-08-10,89.66,89.8,89.51,89.78,614348.0
2016-08-09,89.27,89.578,89.22,89.51,963411.0
2016-08-08,89.1,89.28,89.02,89.14,924325.0
2016-08-05,89.45,89.4599,89.11,89.16,503330.0
2016-08-04,89.52,89.6699,89.46,89.49,991332.0
2016-08-03,89.33,89.4,89.11,89.35,711352.0
2016-08-02,89.36,89.43,89.11,89.25,788830.0
2016-08-01,89.9,89.9,89.56,89.56,843597.0
2016-07-29,89.98,90.14,89.81,90.06,584297.0
2016-07-28,89.73,89.93,89.6583,89.81,838281.0
2016-07-27,89.75,89.91,89.5,89.83,720243.0
2016-07-26,89.63,89.63,89.48,89.51,1035554.0
2016-07-25,89.58,89.61,89.44,89.52,888345.0
2016-07-22,89.45,89.724,89.3672,89.58,553685.0
2016-07-21,89.26,89.7,89.1777,89.58,1014868.0
2016-07-20,89.48,89.48,89.27,89.43,1241961.0
2016-07-19,89.49,89.539,89.334,89.48,648518.0
2016-07-18,89.48,89.4842,89.16,89.31,691051.0
2016-07-15,89.34,89.399,89.07,89.08,834371.0
2016-07-14,89.43,89.5,89.3,89.47,554011.0
2016-07-13,89.4,89.68,89.4,89.49,922534.0
2016-07-12,89.74,89.77,89.21,89.27,1184219.0
2016-07-11,89.77,89.925,89.68,89.74,538623.0
2016-07-08,89.92,89.9895,89.69,89.98,839028.0
2016-07-07,89.79,89.84,89.58,89.67,730544.0
2016-07-06,90.0,90.0,89.58,89.64,1082592.0
2016-07-05,89.58,89.88,89.36,89.78,1047028.0
2016-07-01,89.56,89.61,89.15,89.35,2016602.0
2016-06-30,89.2,89.4899,89.1,89.41,1259493.0
2016-06-29,89.25,89.29,89.1,89.12,755778.0
2016-06-28,89.12,89.33,88.9601,89.19,1105272.0
2016-06-27,88.9,89.09,88.8101,88.92,928491.0
2016-06-24,89.05,89.2199,88.36,88.63,607786.0
2016-06-23,88.18,88.32,88.11,88.22,463087.0
2016-06-22,88.13,88.3163,88.06,88.26,429625.0
2016-06-21,88.28,88.28,88.02,88.1,707409.0
2016-06-20,88.25,88.27,88.13,88.17,341790.0
2016-06-17,88.42,88.52,88.1101,88.22,495292.0
2016-06-16,88.66,88.705,88.3601,88.41,608538.0
2016-06-15,88.32,88.57,88.22,88.33,744789.0
2016-06-14,88.52,88.52,88.13,88.2,1098792.0
2016-06-13,88.33,88.5899,88.3,88.36,1188202.0
2016-06-10,88.32,88.44,88.2132,88.33,695320.0
2016-06-09,88.28,88.3899,88.145,88.19,866848.0
2016-06-08,88.1,88.14,87.98,88.11,881916.0
2016-06-07,87.93,88.1099,87.9,88.01,694781.0
2016-06-06,87.88,88.0,87.69,87.84,1047785.0
2016-06-03,87.91,88.0799,87.733,88.01,607050.0
2016-06-02,87.72,87.72,87.23,87.32,534130.0
2016-06-01,87.16,87.34,87.0701,87.23,578965.0
2016-05-31,87.07,87.4,86.9775,87.37,518012.0
2016-05-27,87.28,87.405,87.1,87.17,751124.0
2016-05-26,87.11,87.31,87.0001,87.26,716143.0
2016-05-25,86.98,87.01,86.85,86.93,716831.0
2016-05-24,87.05,87.05,86.86,86.9,412500.0
2016-05-23,87.0,87.12,86.9,87.1,518362.0
2016-05-20,86.99,87.07,86.89,87.03,418975.0
2016-05-19,87.1,87.35,86.76,86.9,912793.0
2016-05-18,87.48,87.49,86.9,86.95,597895.0
2016-05-17,87.63,87.79,87.56,87.56,562675.0
2016-05-16,87.82,87.9799,87.68,87.72,437585.0
2016-05-13,87.81,88.0599,87.72,87.99,493883.0
2016-05-12,87.77,87.91,87.75,87.81,552912.0
2016-05-11,87.9,88.08,87.72,87.9,555824.0
2016-05-10,87.74,87.91,87.7,87.85,624283.0
2016-05-09,87.79,87.89,87.72,87.79,552636.0
2016-05-06,87.79,87.9199,87.64,87.77,419801.0
2016-05-05,87.76,87.93,87.56,87.92,2970258.0
2016-05-04,87.84,87.8799,87.7,87.83,571546.0
2016-05-03,87.74,87.9101,87.57,87.88,2926700.0
2016-05-02,87.49,87.58,87.319,87.49,633487.0
2016-04-29,87.68,87.7399,87.54,87.56,631689.0
2016-04-28,87.57,87.66,87.41,87.66,663902.0
2016-04-27,87.37,87.65,87.1723,87.58,475174.0
2016-04-26,87.3,87.4299,87.07,87.18,711043.0
2016-04-25,87.6,87.6,87.26,87.33,677721.0
2016-04-22,87.61,87.6499,87.431,87.49,597403.0
2016-04-21,87.37,87.67,87.31,87.5,555284.0
2016-04-20,87.49,87.67,87.45,87.57,524098.0
2016-04-19,87.39,87.57,87.32,87.49,406613.0
2016-04-18,87.28,87.45,87.12,87.45,506809.0
2016-04-15,87.12,87.49,87.0601,87.46,652188.0
2016-04-14,87.18,87.23,87.02,87.16,532214.0
2016-04-13,86.88,87.24,86.86,87.16,602059.0
2016-04-12,87.03,87.1799,86.91,86.99,446887.0
2016-04-11,87.13,87.2899,87.06,87.22,948887.0
2016-04-08,87.33,87.33,87.12,87.17,436462.0
2016-04-07,87.23,87.37,87.09,87.34,592354.0
2016-04-06,87.08,87.13,86.95,87.09,415829.0
2016-04-05,87.09,87.13,86.91,87.05,451099.0
2016-04-04,86.8,86.96,86.729,86.92,778080.0
2016-04-01,86.69,86.84,86.51,86.83,643210.0
2016-03-31,86.65,86.95,86.57,86.93,718171.0
2016-03-30,86.59,86.73,86.39,86.62,2112098.0
2016-03-29,86.41,86.78,86.351,86.78,514236.0
2016-03-28,86.35,86.5,86.29,86.31,739378.0
2016-03-24,86.43,86.4899,86.22,86.31,1104163.0
2016-03-23,86.19,86.485,86.1801,86.48,555283.0
2016-03-22,86.36,86.43,86.1,86.15,550886.0
2016-03-21,86.29,86.39,86.12,86.26,770628.0
2016-03-18,86.17,86.53,86.03,86.42,830267.0
2016-03-17,86.02,86.2,85.8,86.03,671653.0
2016-03-16,85.27,85.85,85.1109,85.7,676203.0
2016-03-15,85.46,85.48,85.28,85.41,1974083.0
2016-03-14,85.31,85.49,85.15,85.29,672352.0
2016-03-11,85.28,85.31,85.02,85.23,544786.0
2016-03-10,85.07,85.3299,84.9401,85.14,516120.0
2016-03-09,85.08,85.2,85.02,85.02,844758.0
2016-03-08,85.05,85.23,85.01,85.13,516204.0
2016-03-07,84.83,84.9299,84.8,84.86,871300.0
2016-03-04,84.81,85.05,84.68,84.98,1511093.0
2016-03-03,84.78,84.94,84.6501,84.88,2505939.0
2016-03-02,84.6,84.78,84.5501,84.63,638118.0
2016-03-01,85.0,85.22,84.64,84.8399,771575.0
2016-02-29,85.18,85.34,85.1,85.19,1153700.0
2016-02-26,85.0,85.21,84.955,85.2,3528796.0
2016-02-25,84.95,85.23,84.88,85.11,2424097.0
2016-02-24,84.77,85.07,84.64,84.79,463123.0
2016-02-23,84.42,84.8,84.36,84.63,556547.0
2016-02-22,84.5,84.56,84.35,84.53,800710.0
2016-02-19,84.39,84.52,84.2912,84.45,554858.0
2016-02-18,83.94,84.465,83.94,84.39,451592.0
2016-02-17,84.0,84.1399,83.8,83.92,539334.0
2016-02-16,84.28,84.28,84.01,84.04,445456.0
2016-02-12,84.28,84.39,84.05,84.15,675610.0
2016-02-11,84.61,84.784,84.41,84.44,458016.0
2016-02-10,84.5,84.5735,84.3,84.46,635859.0
2016-02-09,84.74,84.77,84.42,84.45,769961.0
2016-02-08,84.51,84.74,84.38,84.58,855685.0
2016-02-05,84.28,84.5,84.15,84.33,498922.0
2016-02-04,84.4,84.49,84.23,84.4,819501.0
2016-02-03,84.27,84.6401,84.2605,84.33,636949.0
2016-02-02,84.31,84.36,84.18,84.32,449436.0
2016-02-01,84.17,84.23,83.92,84.02,590748.0
2016-01-29,84.42,84.56,84.2601,84.49,563700.0
2016-01-28,83.95,84.24,83.82,84.06,768884.0
2016-01-27,83.8,84.0,83.761,83.95,502059.0
2016-01-26,83.91,84.0,83.8199,83.89,1135798.0
2016-01-25,84.01,84.14,83.94,84.03,716931.0
2016-01-22,84.15,84.15,83.9,84.05,1026254.0
2016-01-21,84.37,84.39,84.0208,84.08,880573.0
2016-01-20,84.24,84.305,84.06,84.2,1036499.0
2016-01-19,84.26,84.44,84.07,84.13,955087.0
2016-01-15,84.58,84.625,84.29,84.44,539908.0
2016-01-14,84.67,84.67,84.36,84.41,454184.0
2016-01-13,84.52,84.82,84.39,84.67,944504.0
2016-01-12,84.39,84.6999,84.2801,84.48,368877.0
2016-01-11,84.52,84.52,84.3075,84.43,437940.0
2016-01-08,84.49,84.7712,84.485,84.58,710229.0
2016-01-07,84.54,84.6,84.3201,84.55,488150.0
2016-01-06,84.4,84.52,84.2701,84.5,390740.0
2016-01-05,84.18,84.3399,84.11,84.23,424108.0
2016-01-04,84.09,84.42,84.05,84.21,844561.0
2015-12-31,84.12,84.25,84.01,84.09,527459.0
2015-12-30,83.9,83.9899,83.75,83.77,717554.0
2015-12-29,84.16,84.17,83.83,83.87,533817.0
2015-12-28,84.16,84.3299,84.0678,84.22,607614.0
2015-12-24,83.91,84.24,83.91,84.24,274641.0
2015-12-23,83.96,84.2,83.87,84.15,1235524.0
2015-12-22,84.27,84.352,84.16,84.29,516303.0
2015-12-21,84.46,84.48,84.26,84.28,431384.0
2015-12-18,84.31,84.44,84.15,84.23,583609.0
2015-12-17,84.19,84.24,84.07,84.14,629390.0
2015-12-16,84.05,84.179,83.8,84.04,749891.0
2015-12-15,84.13,84.29,84.0,84.06,483483.0
2015-12-14,84.65,84.66,84.31,84.34,402330.0
2015-12-11,84.84,84.88,84.63,84.78,353285.0
2015-12-10,84.89,84.94,84.6,84.63,368749.0
2015-12-09,84.79,84.859,84.58,84.74,551620.0
2015-12-08,84.91,84.91,84.68,84.77,511645.0
2015-12-07,84.75,85.05,84.74,84.77,846569.0
2015-12-04,84.59,84.8099,84.52,84.74,971701.0
2015-12-03,84.83,84.8399,84.3,84.45,363366.0
2015-12-02,85.16,85.1999,84.967,85.1,434711.0
2015-12-01,84.91,85.3399,84.91,85.32,471516.0
2015-11-30,85.18,85.23,85.15,85.19,295677.0
2015-11-27,85.31,85.33,85.12,85.15,214607.0
2015-11-25,85.26,85.3422,85.1826,85.21,331852.0
2015-11-24,85.21,85.3199,85.14,85.2,347340.0
2015-11-23,85.07,85.23,84.9839,85.11,473603.0
2015-11-20,85.12,85.31,85.08,85.13,1583134.0
2015-11-19,85.06,85.24,85.04,85.2,320569.0
2015-11-18,84.81,85.07,84.81,85.04,419042.0
2015-11-17,84.71,85.0101,84.58,84.92,420803.0
2015-11-16,84.8,84.93,84.74,84.91,737807.0
2015-11-13,84.77,84.93,84.7,84.86,866170.0
2015-11-12,84.59,84.84,84.58,84.74,271871.0
2015-11-11,84.72,84.72,84.4001,84.58,231276.0
2015-11-10,84.36,84.67,84.31,84.54,383221.0
2015-11-09,84.33,84.51,84.22,84.28,401889.0
2015-11-06,84.65,84.71,84.42,84.54,505106.0
2015-11-05,85.09,85.0999,84.87,84.93,426929.0
2015-11-04,85.11,85.1699,84.86,85.05,2093602.0
2015-11-03,85.1,85.12,84.881,85.1,322876.0
2015-11-02,85.1,85.16,84.93,85.03,416586.0
2015-10-30,85.45,85.47,85.32,85.43,242989.0
2015-10-29,85.67,85.67,85.21,85.26,533251.0
2015-10-28,86.24,86.24,85.7,85.76,421161.0
2015-10-27,86.27,86.36,86.11,86.17,256428.0
2015-10-26,86.17,86.1899,85.8901,86.07,585699.0
2015-10-23,86.0,86.0499,85.8601,85.95,281741.0
2015-10-22,86.07,86.2686,85.9405,86.19,579100.0
2015-10-21,85.93,86.1,85.8335,85.99,633877.0
2015-10-20,85.58,85.7,85.54,85.7,255859.0
2015-10-19,85.85,85.88,85.62,85.8,320965.0
2015-10-16,85.88,85.98,85.53,85.76,484769.0
2015-10-15,85.97,85.98,85.67,85.77,593532.0
2015-10-14,85.78,86.04,85.6309,86.03,276173.0
2015-10-13,85.5,85.66,85.36,85.64,297129.0
2015-10-12,85.44,85.48,85.29,85.42,370943.0
2015-10-09,85.24,85.452,85.2,85.26,394044.0
2015-10-08,85.38,85.55,85.16,85.2,415928.0
2015-10-07,85.14,85.6,85.07,85.6,4857302.0
2015-10-06,84.95,85.37,84.95,85.26,515070.0
2015-10-05,85.12,85.274,84.99,85.07,750581.0
2015-10-02,85.5,85.6799,85.26,85.35,337825.0
2015-10-01,85.1,85.38,84.96,85.13,761967.0
2015-09-30,85.14,85.457,85.0906,85.43,591835.0
2015-09-29,85.11,85.3999,85.09,85.27,541458.0
2015-09-28,84.81,85.05,84.81,85.01,505769.0
2015-09-25,84.84,84.9199,84.76,84.79,153778.0
2015-09-24,85.19,85.249,84.99,85.02,157507.0
2015-09-23,85.04,85.1,84.92,84.96,213714.0
2015-09-22,84.96,85.1699,84.9248,85.09,131087.0
2015-09-21,84.88,84.97,84.67,84.76,283424.0
2015-09-18,84.93,85.21,84.86,85.13,318710.0
2015-09-17,84.32,84.89,84.23,84.88,279598.0
2015-09-16,84.42,84.505,84.21,84.23,294252.0
2015-09-15,84.75,84.78,84.31,84.32,242451.0
2015-09-14,84.95,84.96,84.7,84.85,234944.0
2015-09-11,84.79,84.9699,84.75,84.94,281076.0
2015-09-10,84.7,84.76,84.6,84.71,278435.0
2015-09-09,84.53,84.88,84.457,84.76,252093.0
2015-09-08,84.89,84.9899,84.7001,84.78,281712.0
2015-09-04,84.84,85.18,84.721,85.04,430130.0
2015-09-03,84.68,84.86,84.53,84.85,378130.0
2015-09-02,84.41,84.62,84.27,84.53,317854.0
2015-09-01,84.33,84.4,84.101,84.39,500599.0
2015-08-31,84.53,84.6,84.18,84.22,501083.0
2015-08-28,84.63,84.766,84.21,84.26,531042.0
2015-08-27,84.23,84.49,84.1001,84.22,502420.0
2015-08-26,84.11,84.4594,84.11,84.23,542132.0
2015-08-25,84.74,84.77,84.2,84.37,847591.0
2015-08-24,85.33,85.43,84.7,84.78,714463.0
2015-08-21,84.92,85.15,84.91,85.02,771998.0
2015-08-20,84.87,84.9799,84.8,84.82,274904.0
2015-08-19,84.39,84.99,84.27,84.98,410060.0
2015-08-18,84.55,84.692,84.51,84.52,243913.0
2015-08-17,84.76,84.8899,84.64,84.75,373349.0
2015-08-14,84.6,84.7593,84.56,84.58,313802.0
2015-08-13,84.83,84.9,84.66,84.74,330289.0
2015-08-12,85.1,85.3,84.94,84.96,324028.0
2015-08-11,85.01,85.18,84.88,85.02,186028.0
2015-08-10,84.73,84.82,84.55,84.58,237895.0
2015-08-07,84.82,84.999,84.66,84.95,227278.0
2015-08-06,84.77,84.84,84.6,84.65,412969.0
2015-08-05,84.69,84.7499,84.51,84.64,298477.0
2015-08-04,85.11,85.22,84.75,84.77,257615.0
2015-08-03,85.04,85.23,84.99,85.13,244139.0
2015-07-31,85.2,85.3599,85.2,85.24,537273.0
2015-07-30,84.75,84.99,84.7,84.86,244058.0
2015-07-29,85.08,85.09,84.827,84.95,243739.0
2015-07-28,85.14,85.14,84.95,85.07,237053.0
2015-07-27,85.11,85.19,85.0,85.04,164054.0
2015-07-24,85.11,85.2,84.9111,85.06,222683.0
2015-07-23,84.69,85.09,84.69,85.09,362418.0
2015-07-22,84.86,84.95,84.75,84.8,283157.0
2015-07-21,84.72,84.87,84.68,84.84,468441.0
2015-07-20,84.65,84.8404,84.609,84.68,267420.0
2015-07-17,84.75,84.95,84.741,84.87,124543.0
2015-07-16,84.71,84.94,84.6001,84.84,238780.0
2015-07-15,84.59,84.92,84.54,84.83,243611.0
2015-07-14,84.64,84.7,84.5,84.62,224980.0
2015-07-13,84.43,84.72,84.38,84.52,166132.0
2015-07-10,84.78,84.939,84.54,84.66,215654.0
2015-07-09,85.44,85.4799,85.14,85.18,217519.0
2015-07-08,85.7,85.7699,85.49,85.59,260634.0
2015-07-07,85.72,85.825,85.4801,85.59,789458.0
2015-07-06,85.33,85.33,85.07,85.11,550424.0
2015-07-02,85.04,85.18,84.91,85.03,313151.0
2015-07-01,84.76,84.88,84.6401,84.81,293584.0
2015-06-30,85.11,85.4599,85.11,85.3,877148.0
2015-06-29,84.77,85.39,84.77,85.32,759440.0
2015-06-26,84.69,84.81,84.64,84.73,764430.0
2015-06-25,84.85,85.04,84.82,84.87,291716.0
2015-06-24,85.0,85.1399,84.92,85.1,364305.0
2015-06-23,84.85,85.19,84.843,84.97,445047.0
2015-06-22,85.38,85.49,85.15,85.16,354330.0
2015-06-19,85.47,85.8,85.47,85.8,682244.0
2015-06-18,85.35,85.53,85.11,85.36,383885.0
2015-06-17,85.36,85.54,84.99,85.45,251849.0
2015-06-16,85.26,85.38,85.07,85.29,310386.0
2015-06-15,85.25,85.35,85.06,85.13,337344.0
2015-06-12,84.93,85.26,84.92,85.02,356497.0
2015-06-11,84.74,85.108,84.66,85.05,466404.0
2015-06-10,84.7,84.77,84.53,84.57,476171.0
2015-06-09,84.97,85.1,84.702,84.81,733610.0
2015-06-08,85.21,85.2997,85.0601,85.13,327944.0
2015-06-05,85.03,85.2199,84.81,85.08,365081.0
2015-06-04,85.23,85.5745,85.21,85.51,543407.0
2015-06-03,85.52,85.52,85.12,85.2,540112.0
2015-06-02,85.84,85.84,85.62,85.72,357221.0
2015-06-01,86.41,86.4599,85.96,86.02,258864.0
2015-05-29,86.75,86.79,86.62,86.62,355866.0
2015-05-28,86.58,86.66,86.45,86.61,169739.0
2015-05-27,86.57,86.65,86.38,86.57,317121.0
2015-05-26,86.21,86.6,86.21,86.55,372658.0
2015-05-22,86.3,86.43,86.1201,86.23,242127.0
2015-05-21,86.21,86.4599,86.135,86.45,346333.0
2015-05-20,86.1,86.25,86.01,86.15,518933.0
2015-05-19,86.0,86.29,85.96,86.01,241258.0
2015-05-18,86.74,86.74,86.2601,86.34,307771.0
2015-05-15,86.52,86.7884,86.4201,86.74,209346.0
2015-05-14,86.26,86.42,86.2,86.34,220267.0
2015-05-13,86.48,86.53,85.98,86.07,574849.0
2015-05-12,85.98,86.286,85.8084,86.16,567671.0
2015-05-11,86.59,86.635,86.09,86.09,941713.0
2015-05-08,86.98,87.02,86.7201,86.85,497753.0
2015-05-07,86.35,86.4999,86.25,86.38,370811.0
2015-05-06,86.55,86.55,86.2102,86.27,549276.0
2015-05-05,86.72,86.8499,86.44,86.55,498799.0
2015-05-04,86.94,86.99,86.71,86.74,348576.0
2015-05-01,87.13,87.173,86.8,86.92,609135.0
2015-04-30,87.33,87.51,87.14,87.5,282305.0
2015-04-29,87.44,87.6399,87.32,87.44,402908.0
2015-04-28,87.83,88.05,87.75,87.86,640670.0
2015-04-27,88.22,88.25,88.0501,88.14,484118.0
2015-04-24,88.07,88.24,88.0142,88.22,275198.0
2015-04-23,87.91,88.08,87.83,87.96,1512464.0
2015-04-22,88.04,88.2,87.8,87.82,372510.0
2015-04-21,88.2,88.22,88.05,88.15,329379.0
2015-04-20,88.23,88.24,88.06,88.17,249819.0
2015-04-17,88.18,88.2596,87.94,88.16,309042.0
2015-04-16,88.24,88.3,88.0,88.1,312763.0
2015-04-15,88.21,88.26,88.0335,88.22,664280.0
2015-04-14,88.12,88.1399,87.89,87.91,373585.0
2015-04-13,87.78,87.902,87.66,87.69,728632.0
2015-04-10,87.87,87.94,87.63,87.81,338932.0
2015-04-09,88.02,88.03,87.72,87.86,261179.0
2015-04-08,88.08,88.13,87.89,88.08,452581.0
2015-04-07,87.9,88.0786,87.79,88.02,430122.0
2015-04-06,88.23,88.25,87.91,87.92,404326.0
2015-04-02,87.9,87.9486,87.75,87.88,456240.0
2015-04-01,87.73,87.95,87.7,87.93,442136.0
2015-03-31,87.51,87.74,87.49,87.7,350427.0
2015-03-30,87.62,87.7616,87.5,87.54,687861.0
2015-03-27,87.47,87.57,87.34,87.4,279141.0
2015-03-26,87.43,87.5388,87.22,87.28,533525.0
2015-03-25,87.91,87.93,87.51,87.63,272461.0
2015-03-24,87.61,87.94,87.51,87.93,411761.0
2015-03-23,87.55,87.67,87.41,87.58,311178.0
2015-03-20,87.25,87.55,87.25,87.53,578096.0
2015-03-19,87.38,87.53,87.05,87.16,467045.0
2015-03-18,86.86,87.7199,86.74,87.56,338655.0
2015-03-17,86.64,86.75,86.51,86.73,354081.0
2015-03-16,86.77,86.85,86.51,86.55,367327.0
2015-03-13,86.56,86.74,86.49,86.49,288807.0
2015-03-12,86.94,87.1199,86.58,86.75,496335.0
2015-03-11,86.59,86.84,86.51,86.78,212694.0
2015-03-10,86.75,86.8975,86.51,86.63,340898.0
2015-03-09,86.4,86.43,86.25,86.43,502524.0
2015-03-06,86.55,86.72,86.35,86.43,539284.0
2015-03-05,87.0,87.13,86.86,87.08,429410.0
2015-03-04,87.04,87.165,86.8,86.99,582477.0
2015-03-03,86.95,87.12,86.9,86.94,634334.0
2015-03-02,87.54,87.54,86.95,86.98,410469.0
2015-02-27,87.47,87.71,87.4591,87.61,390083.0
2015-02-26,87.84,87.85,87.42,87.51,410455.0
2015-02-25,87.75,87.9499,87.62,87.87,410651.0
2015-02-24,87.35,87.9099,87.21,87.86,520105.0
2015-02-23,87.32,87.474,87.224,87.38,276897.0
2015-02-20,87.18,87.47,87.0,87.17,239527.0
2015-02-19,87.19,87.24,87.0,87.04,188262.0
2015-02-18,86.86,87.37,86.7501,87.24,377119.0
2015-02-17,87.05,87.14,86.7,86.87,485664.0
2015-02-13,87.31,87.49,87.17,87.2,286128.0
2015-02-12,87.22,87.4899,87.2001,87.41,267454.0
2015-02-11,87.32,87.3273,87.05,87.1,351909.0
2015-02-10,87.39,87.54,87.15,87.16,402163.0
2015-02-09,87.62,87.723,87.29,87.5,498292.0
2015-02-06,87.77,87.8499,87.43,87.51,404852.0
2015-02-05,88.14,88.24,87.9601,88.11,338871.0
2015-02-04,88.0,88.29,87.7601,88.2,293987.0
2015-02-03,88.32,88.44,88.061,88.2,262363.0
2015-02-02,88.36,88.62,88.1,88.57,431153.0
2015-01-30,88.55,88.7,88.3401,88.7,473222.0
2015-01-29,88.11,88.24,88.0,88.18,218313.0
2015-01-28,87.82,88.423,87.783,88.32,268016.0
2015-01-27,88.03,88.13,87.7,87.86,644013.0
2015-01-26,87.75,87.898,87.6,87.77,833057.0
2015-01-23,87.7,87.82,87.44,87.79,255442.0
2015-01-22,87.7,87.7,87.16,87.35,413047.0
2015-01-21,87.78,87.88,87.4,87.57,338341.0
2015-01-20,87.79,87.89,87.4301,87.61,427203.0
2015-01-16,87.78,87.855,87.47,87.53,467736.0
2015-01-15,87.51,87.8799,87.4,87.75,348962.0
2015-01-14,87.51,87.6098,87.2,87.41,436180.0
2015-01-13,87.18,87.38,87.0301,87.23,697340.0
2015-01-12,87.19,87.3306,87.09,87.18,308790.0
2015-01-09,87.0,87.2,86.87,87.09,191129.0
2015-01-08,86.74,86.98,86.74,86.87,516064.0
2015-01-07,86.67,87.0719,86.6,86.895,780927.0
2015-01-06,86.99,87.2299,86.75,86.91,857781.0
2015-01-05,86.51,86.85,86.5,86.63,970604.0
2015-01-02,86.22,86.4659,86.14,86.39,243875.0
2014-12-31,86.24,86.25,86.088,86.1,326444.0
2014-12-30,86.17,86.22,85.92,86.04,417453.0
2014-12-29,86.02,86.08,85.86,85.92,353854.0
2014-12-26,85.84,85.98,85.751,85.86,187827.0
2014-12-24,85.6,85.83,85.55,85.83,207318.0
2014-12-23,86.07,86.08,85.68,85.75,330545.0
2014-12-22,86.43,86.48,86.2401,86.45,271145.0
2014-12-19,86.11,86.4699,86.0125,86.3,545200.0
2014-12-18,86.11,86.2899,86.0,86.0,293599.0
2014-12-17,86.38,86.55,86.1101,86.25,464724.0
2014-12-16,86.41,86.55,86.23,86.36,297431.0
2014-12-15,86.51,86.56,86.16,86.26,312291.0
2014-12-12,86.47,86.929,86.3573,86.72,475925.0
2014-12-11,86.25,86.2799,86.0001,86.09,259547.0
2014-12-10,86.2,86.38,86.14,86.28,507320.0
2014-12-09,86.3,86.4,86.06,86.19,341961.0
2014-12-08,85.91,86.17,85.8503,86.03,328585.0
2014-12-05,85.97,86.0561,85.8,85.96,451318.0
2014-12-04,86.07,86.33,86.04,86.24,367968.0
2014-12-03,86.09,86.14,86.0,86.01,358939.0
2014-12-02,86.18,86.23,86.0,86.0,436379.0
2014-12-01,86.76,86.8006,86.34,86.34,297216.0
2014-11-28,86.84,86.95,86.73,86.92,101620.0
2014-11-26,86.71,86.83,86.58,86.73,305499.0
2014-11-25,86.35,86.59,86.3071,86.58,346217.0
2014-11-24,86.16,86.35,86.06,86.22,276971.0
2014-11-21,86.03,86.24,86.0,86.21,369801.0
2014-11-20,86.01,86.13,85.82,86.0,284740.0
2014-11-19,85.75,85.9594,85.6,85.8,244717.0
2014-11-18,85.98,86.13,85.94,86.0,303722.0
2014-11-17,86.22,86.23,85.87,85.93,397028.0
2014-11-14,85.98,86.2394,85.93,86.18,414787.0
2014-11-13,86.03,86.129,85.96,86.09,261670.0
2014-11-12,86.24,86.29,86.02,86.09,409059.0
2014-11-11,86.04,86.1,85.96,86.04,339718.0
2014-11-10,86.22,86.28,86.0201,86.08,251604.0
2014-11-07,86.08,86.3599,86.02,86.28,279418.0
2014-11-06,85.99,86.09,85.8703,85.93,428025.0
2014-11-05,86.0,86.11,85.939,86.09,271396.0
2014-11-04,86.07,86.2406,86.05,86.06,213303.0
2014-11-03,86.21,86.23,85.9203,86.04,405883.0
2014-10-31,86.46,86.6,86.3106,86.52,221529.0
2014-10-30,86.48,86.685,86.31,86.46,261183.0
2014-10-29,86.56,86.61,86.08,86.3,329424.0
2014-10-28,86.77,86.82,86.6,86.65,614484.0
2014-10-27,86.78,86.9,86.75,86.87,313133.0
2014-10-24,86.73,86.86,86.65,86.76,413784.0
2014-10-23,87.18,87.18,86.53,86.7,237508.0
2014-10-22,86.93,86.97,86.78,86.84,316629.0
2014-10-21,86.95,87.1499,86.7901,86.91,176252.0
2014-10-20,86.91,87.21,86.79,86.86,517390.0
2014-10-17,86.77,87.087,86.71,86.98,282567.0
2014-10-16,87.66,87.66,86.72,87.01,551436.0
2014-10-15,87.79,88.7029,86.9701,87.09,692989.0
2014-10-14,87.05,87.2249,86.91,87.04,515806.0
2014-10-13,86.9,87.09,86.8,86.99,230119.0
2014-10-10,86.69,86.79,86.59,86.78,442528.0
2014-10-09,86.66,86.95,86.6403,86.7,212664.0
2014-10-08,86.63,87.0,86.279,87.0,676297.0
2014-10-07,86.4,86.4621,86.22,86.46,249558.0
2014-10-06,86.02,86.2899,85.9855,86.16,816245.0
2014-10-03,85.82,86.02,85.66,86.02,499140.0
2014-10-02,86.07,86.15,85.85,85.88,475860.0
2014-10-01,85.78,86.09,85.76,86.09,540402.0
2014-09-30,85.78,85.8956,85.7,85.77,395145.0
2014-09-29,85.87,85.87,85.6301,85.75,365899.0
2014-09-26,85.85,85.85,85.5,85.66,358330.0
2014-09-25,85.76,85.97,85.74,85.96,239265.0
2014-09-24,85.82,85.82,85.59,85.69,169204.0
2014-09-23,85.81,85.87,85.75,85.77,354882.0
2014-09-22,85.73,85.85,85.64,85.78,477944.0
2014-09-19,85.44,85.67,85.34,85.62,195487.0
2014-09-18,85.36,85.42,85.23,85.4,218795.0
2014-09-17,85.71,85.7724,85.29,85.37,228605.0
2014-09-16,85.53,85.7199,85.5101,85.58,225638.0
2014-09-15,85.65,85.6599,85.46,85.57,993145.0
2014-09-12,85.6,85.6,85.38,85.53,361454.0
2014-09-11,85.96,85.96,85.8,85.85,196793.0
2014-09-10,85.88,85.96,85.8064,85.9,179322.0
2014-09-09,86.11,86.16,86.05,86.08,263732.0
2014-09-08,86.51,86.55,86.2,86.23,247335.0
2014-09-05,86.67,86.67,86.3101,86.37,251660.0
2014-09-04,86.49,86.5699,86.3601,86.43,245801.0
2014-09-03,86.41,86.64,86.39,86.64,191189.0
2014-09-02,86.8,86.8,86.48,86.51,196759.0
2014-08-29,87.1,87.19,87.01,87.15,198240.0
2014-08-28,87.15,87.1899,87.0263,87.08,177085.0
2014-08-27,86.97,87.01,86.88,86.97,649697.0
2014-08-26,86.81,86.89,86.72,86.79,154292.0
2014-08-25,86.71,86.77,86.66,86.71,352599.0
2014-08-22,86.68,86.8,86.42,86.67,182263.0
2014-08-21,86.57,86.71,86.532,86.67,473352.0
2014-08-20,86.62,86.7165,86.427,86.51,301615.0
2014-08-19,86.94,86.95,86.67,86.74,231124.0
2014-08-18,86.94,86.9599,86.77,86.83,353073.0
2014-08-15,86.78,87.2489,86.769,87.04,185108.0
2014-08-14,86.73,86.82,86.66,86.77,260914.0
2014-08-13,86.45,86.7,86.415,86.68,206611.0
2014-08-12,86.45,86.5399,86.35,86.47,151797.0
2014-08-11,86.48,86.62,86.352,86.51,206105.0
2014-08-08,86.76,86.7899,86.4,86.4,379455.0
2014-08-07,86.44,86.58,86.35,86.58,376381.0
2014-08-06,86.48,86.49,86.3,86.35,351042.0
2014-08-05,86.29,86.35,86.04,86.35,302504.0
2014-08-04,86.3,86.33,86.2,86.26,204021.0
2014-08-01,85.93,86.22,85.88,86.21,552489.0
2014-07-31,86.1,86.18,85.95,86.12,229496.0
2014-07-30,86.35,86.53,86.15,86.23,1148735.0
2014-07-29,86.55,86.6499,86.46,86.59,190467.0
2014-07-28,86.53,86.59,86.42,86.54,263191.0
2014-07-25,86.63,86.64,86.47,86.6,242684.0
2014-07-24,86.49,86.49,86.2805,86.38,175818.0
2014-07-23,86.69,86.7131,86.53,86.58,211814.0
2014-07-22,86.52,86.55,86.41,86.55,328664.0
2014-07-21,86.55,86.6276,86.41,86.54,249474.0
2014-07-18,86.6,86.6099,86.36,86.42,296219.0
2014-07-17,86.5,86.69,86.36,86.62,334929.0
2014-07-16,86.25,86.29,86.1501,86.26,379717.0
2014-07-15,86.23,86.34,86.09,86.18,499079.0
2014-07-14,86.29,86.2937,86.15,86.23,414202.0
2014-07-11,86.24,86.4499,86.24,86.34,682623.0
2014-07-10,86.36,86.4233,86.18,86.27,321130.0
2014-07-09,86.1,86.2799,85.97,86.21,171514.0
2014-07-08,86.12,86.1799,85.96,86.13,196700.0
2014-07-07,85.82,85.9,85.76,85.86,214149.0
2014-07-03,85.46,85.78,85.44,85.74,173501.0
2014-07-02,85.88,85.98,85.8,85.82,190360.0
2014-07-01,86.25,86.2899,85.94,86.0,569987.0
2014-06-30,86.51,86.62,86.43,86.56,306475.0
2014-06-27,86.47,86.63,86.4201,86.49,110567.0
2014-06-26,86.33,86.5128,86.3201,86.47,145538.0
2014-06-25,86.35,86.45,86.2751,86.34,136180.0
2014-06-24,86.18,86.23,85.97,86.22,167926.0
2014-06-23,86.04,86.13,85.96,86.0,180123.0
2014-06-20,85.92,86.01,85.85,85.96,338982.0
2014-06-19,86.22,86.23,85.9,85.93,165539.0
2014-06-18,85.77,86.04,85.65,86.04,565842.0
2014-06-17,85.78,85.78,85.55,85.59,243886.0
2014-06-16,85.91,85.97,85.8349,85.97,182880.0
2014-06-13,85.87,85.96,85.72,85.91,136936.0
2014-06-12,85.82,86.08,85.79,86.04,185934.0
2014-06-11,85.88,85.9299,85.73,85.83,242048.0
2014-06-10,85.89,85.95,85.7601,85.84,155836.0
2014-06-09,85.93,85.98,85.81,85.96,307897.0
2014-06-06,86.09,86.1699,85.88,85.99,280940.0
2014-06-05,85.81,86.02,85.76,86.02,110470.0
2014-06-04,85.96,85.96,85.71,85.85,217066.0
2014-06-03,86.09,86.09,85.83,85.85,181206.0
2014-06-02,86.3,86.3699,86.05,86.12,281998.0
2014-05-30,86.67,86.7199,86.57,86.66,333313.0
2014-05-29,86.83,86.99,86.7013,86.72,144037.0
2014-05-28,86.5,86.84,86.48,86.8,294606.0
2014-05-27,86.32,86.4,86.14,86.39,215812.0
2014-05-23,86.28,86.28,86.156,86.26,140455.0
2014-05-22,86.21,86.21,86.05,86.1,190657.0
2014-05-21,86.31,86.32,86.08,86.22,350927.0
2014-05-20,86.28,86.4099,86.26,86.34,263632.0
2014-05-19,86.43,86.5099,86.23,86.27,223795.0
2014-05-16,86.37,86.3965,86.22,86.33,121617.0
2014-05-15,86.35,86.519,86.26,86.37,227548.0
2014-05-14,86.0,86.32,85.946,86.22,216494.0
2014-05-13,85.8,85.91,85.675,85.91,202943.0
2014-05-12,85.77,85.77,85.61,85.66,215980.0
2014-05-09,85.9,85.9,85.75,85.77,271491.0
2014-05-08,85.82,85.93,85.7014,85.83,188601.0
2014-05-07,85.69,85.79,85.5801,85.78,680879.0
2014-05-06,85.75,85.77,85.63,85.68,613964.0
2014-05-05,85.93,85.93,85.62,85.65,298352.0
2014-05-02,85.38,85.8199,85.37,85.8,206761.0
2014-05-01,85.46,85.719,85.36,85.68,196020.0
2014-04-30,85.47,85.67,85.4001,85.67,281613.0
2014-04-29,85.3,85.43,85.21,85.4,182751.0
2014-04-28,85.37,85.47,85.22,85.31,201145.0
2014-04-25,85.44,85.53,85.32,85.36,225325.0
2014-04-24,85.32,85.4299,85.21,85.34,145162.0
2014-04-23,85.39,85.4899,85.241,85.32,339137.0
2014-04-22,85.17,85.29,85.12,85.25,212123.0
2014-04-21,85.24,85.32,85.2,85.23,201861.0
2014-04-17,85.49,85.54,85.13,85.22,196440.0
2014-04-16,85.48,85.54,85.4,85.49,275486.0
2014-04-15,85.49,85.7099,85.41,85.56,188448.0
2014-04-14,85.55,85.55,85.41,85.54,259049.0
2014-04-11,85.59,85.64,85.45,85.55,132190.0
2014-04-10,85.33,85.59,85.33,85.47,221156.0
2014-04-09,85.09,85.34,84.94,85.28,398215.0
2014-04-08,85.07,85.18,84.9904,85.16,288837.0
2014-04-07,85.01,85.07,84.95,84.99,265493.0
2014-04-04,84.8,84.98,84.65,84.98,300196.0
2014-04-03,84.45,84.66,84.4013,84.58,184262.0
2014-04-02,84.64,84.64,84.41,84.42,197883.0
2014-04-01,84.66,84.79,84.53,84.75,1193063.0
2014-03-31,84.81,84.98,84.7,84.98,206014.0
2014-03-28,84.83,84.884,84.7,84.86,278993.0
2014-03-27,84.82,84.9788,84.76,84.93,253048.0
2014-03-26,84.67,84.9299,84.645,84.8,157414.0
2014-03-25,84.55,84.7499,84.5011,84.6,218258.0
2014-03-24,84.44,84.61,84.3505,84.5,178439.0
2014-03-21,84.4,84.54,84.361,84.49,179669.0
2014-03-20,84.43,84.43,84.27,84.36,239146.0
2014-03-19,85.09,85.09,84.2687,84.42,521782.0
2014-03-18,84.87,85.04,84.8,85.04,734884.0
2014-03-17,84.89,84.91,84.74,84.77,215502.0
2014-03-14,85.03,85.1206,84.81,84.94,123543.0
2014-03-13,84.47,84.95,84.4001,84.89,200861.0
2014-03-12,84.57,84.6299,84.464,84.59,132673.0
2014-03-11,84.44,84.4999,84.3185,84.4,167535.0
2014-03-10,84.34,84.42,84.22,84.35,787456.0
2014-03-07,84.54,84.54,84.25,84.34,361613.0
2014-03-06,84.5595,84.76,84.5,84.67,268459.0
2014-03-05,84.78,84.99,84.76,84.98,198142.0
2014-03-04,85.15,85.15,84.81,84.83,250695.0
2014-03-03,85.2,85.25,85.05,85.2,183492.0
2014-02-28,85.16,85.2,84.96,85.2,194567.0
2014-02-27,85.17,85.28,85.11,85.26,176829.0
2014-02-26,84.85,85.09,84.8301,85.07,253799.0
2014-02-25,84.76,84.91,84.645,84.8,187851.0
2014-02-24,84.62,84.66,84.5,84.61,854195.0
2014-02-21,84.45,84.63,84.39,84.59,187256.0
2014-02-20,84.4,84.5758,84.28,84.44,184086.0
2014-02-19,84.82,84.82,84.461,84.48,219577.0
2014-02-18,84.65,84.78,84.6,84.7,244525.0
2014-02-14,84.58,84.59,84.4301,84.55,237776.0
2014-02-13,84.35,84.51,84.25,84.49,145579.0
2014-02-12,84.26,84.305,84.12,84.29,191618.0
2014-02-11,84.42,84.46,84.21,84.37,203872.0
2014-02-10,84.47,84.51,84.366,84.51,164773.0
2014-02-07,84.38,84.55,84.3168,84.55,230875.0
2014-02-06,84.21,84.26,84.12,84.22,222089.0
2014-02-05,84.535,84.535,84.22,84.28,227022.0
2014-02-04,84.55,84.58,84.34,84.52,218631.0
2014-02-03,84.26,84.61,84.1347,84.6,264317.0
2014-01-31,84.32,84.45,84.2838,84.38,397078.0
2014-01-30,84.11,84.2699,84.05,84.25,191099.0
2014-01-29,84.05,84.2399,84.0,84.16,139680.0
2014-01-28,83.8,84.05,83.79,84.03,152052.0
2014-01-27,83.98,84.0,83.75,83.75,220595.0
2014-01-24,84.14,84.2,83.8301,83.91,303630.0
2014-01-23,84.0,84.23,83.81,84.0,292263.0
2014-01-22,83.83,83.8799,83.69,83.72,141442.0
2014-01-21,83.92,83.98,83.7801,83.87,199941.0
2014-01-17,83.83,83.92,83.7001,83.91,203764.0
2014-01-16,83.63,83.85,83.63,83.77,225910.0
2014-01-15,83.61,83.6376,83.45,83.61,252072.0
2014-01-14,83.8,83.83,83.61,83.69,397119.0
2014-01-13,83.79,83.87,83.6101,83.84,351408.0
2014-01-10,83.37,83.6699,83.37,83.64,326833.0
2014-01-09,82.97,83.16,82.92,83.12,216695.0
2014-01-08,83.09,83.1288,82.9,82.94,271856.0
2014-01-07,83.32,83.3566,83.16,83.31,271353.0
2014-01-06,83.09,83.23,83.047,83.22,294260.0
2014-01-03,82.98,83.0596,82.8598,82.92,212424.0
2014-01-02,82.76,82.92,82.7484,82.87,952412.0
2013-12-31,82.91,82.91,82.62,82.7,412572.0
2013-12-30,82.76,82.96,82.74,82.899,447970.0
2013-12-27,82.71,82.849,82.6203,82.76,189643.0
2013-12-26,82.77,82.8,82.58,82.72,332515.0
2013-12-24,82.95,82.97,82.6,82.78,416521.0
2013-12-23,83.8,83.88,83.67,83.71,203730.0
2013-12-20,83.7,83.92,83.53,83.87,305933.0
2013-12-19,83.55,83.74,83.55,83.71,331200.0
2013-12-18,83.98,84.1792,83.7313,83.96,395559.0
2013-12-17,83.8,83.97,83.55,83.9,447439.0
2013-12-16,83.74,83.78,83.56,83.66,1040728.0
2013-12-13,83.53,83.64,83.49,83.55,246434.0
2013-12-12,83.72,83.72,83.4,83.49,1217492.0
2013-12-11,84.0,84.01,83.65,83.71,903994.0
2013-12-10,83.78,84.06,83.76,84.03,278077.0
2013-12-09,83.66,83.76,83.541,83.68,336651.0
2013-12-06,83.54,83.6499,83.428,83.56,283022.0
2013-12-05,83.53,83.589,83.3801,83.55,424943.0
2013-12-04,83.41,83.6299,83.37,83.59,250382.0
2013-12-03,83.71,83.91,83.7,83.78,532101.0
2013-12-02,83.8,83.8,83.59,83.68,190106.0
2013-11-29,83.85,83.93,83.75,83.92,162551.0
2013-11-27,84.2,84.28,83.921,84.185,246736.0
2013-11-26,84.05,84.31,84.04,84.27,476700.0
2013-11-25,84.0,84.16,84.0,84.04,411600.0
2013-11-22,83.7,83.96,83.68,83.95,213500.0
2013-11-21,83.45,83.83,83.41,83.69,350100.0
2013-11-20,83.92,84.1499,83.58,83.59,423272.0
2013-11-19,84.03,84.15,83.93,83.96,237084.0
2013-11-18,84.1,84.21,84.01,84.17,165500.0
2013-11-15,84.11,84.11,83.9,84.07,164100.0
2013-11-14,83.72,84.03,83.65,83.88,211285.0
2013-11-13,83.48,83.65,83.48,83.62,172800.0
2013-11-12,83.31,83.45,83.2775,83.33,222378.0
2013-11-11,83.38,83.53,83.36,83.38,139276.0
2013-11-08,83.57,83.59,83.35,83.43,292315.0
2013-11-07,84.16,84.28,84.07,84.1,234500.0
2013-11-06,84.05,84.11,83.93,84.11,201500.0
2013-11-05,83.89,83.98,83.77,83.8,139888.0
2013-11-04,84.22,84.29,84.13,84.19,105700.0
2013-11-01,84.4,84.4,84.05,84.12,169100.0
2013-10-31,84.49,84.59,84.17,84.25,141663.0
2013-10-30,84.8,84.9402,84.4684,84.63,170933.0
2013-10-29,84.59,84.75,84.59,84.73,148066.0
2013-10-28,84.58,84.6699,84.5501,84.58,212775.0
2013-10-25,84.57,84.7,84.55,84.6,115800.0
2013-10-24,84.78,84.78,84.51,84.56,205700.0
2013-10-23,84.7,84.83,84.57,84.64,175600.0
2013-10-22,84.5,84.62,84.39,84.53,475900.0
2013-10-21,84.08,84.24,84.0,84.13,189600.0
2013-10-18,84.25,84.4,84.06,84.2,267200.0
2013-10-17,84.06,84.25,83.91,84.17,134800.0
2013-10-16,83.31,83.82,83.23,83.82,152300.0
2013-10-15,83.48,83.52,83.31,83.32,107700.0
2013-10-14,83.4,83.6399,83.2917,83.4,110975.0
2013-10-11,83.57,83.72,83.46,83.52,184200.0
2013-10-10,83.37,83.5,83.22,83.44,153700.0
2013-10-09,83.54,83.62,83.41,83.41,254450.0
2013-10-08,83.48,83.635,83.45,83.48,179667.0
2013-10-07,83.6,83.67,83.51,83.56,437067.0
2013-10-04,83.5,83.59,83.3101,83.42,190088.0
2013-10-03,83.61,83.749,83.5301,83.55,190112.0
2013-10-02,83.5,83.67,83.4601,83.59,136312.0
2013-10-01,83.29,83.435,83.2706,83.42,1446739.0
2013-09-30,83.25,83.44,83.13,83.42,168864.0
2013-09-27,83.49,83.62,83.4,83.49,145356.0
2013-09-26,83.47,83.59,83.45,83.53,159998.0
2013-09-25,83.4,83.6799,83.4,83.54,168440.0
2013-09-24,83.19,83.52,83.15,83.43,495356.0
2013-09-23,82.97,83.16,82.97,83.15,183191.0
2013-09-20,82.89,83.07,82.8,82.97,194013.0
2013-09-19,83.09,83.148,82.741,82.82,160722.0
2013-09-18,82.16,83.195,81.89,82.961,428630.0
2013-09-17,82.13,82.2455,82.03,82.15,193470.0
2013-09-16,82.4,82.53,81.98,82.13,430840.0
2013-09-13,81.87,82.0,81.78,81.82,383012.0
2013-09-12,81.87,81.99,81.73,81.88,546047.0
2013-09-11,81.48,81.77,81.4,81.76,231478.0
2013-09-10,81.64,81.7899,81.39,81.46,153856.0
2013-09-09,82.06,82.06,81.73,81.8,345109.0
2013-09-06,81.87,82.03,81.61,81.76,216724.0
2013-09-05,81.69,81.75,81.34,81.52,523850.0
2013-09-04,82.22,82.2999,81.8701,81.93,195763.0
2013-09-03,82.39,82.39,81.9039,82.13,247784.0
2013-08-30,82.62,82.72,82.45,82.46,227655.0
2013-08-29,82.26,82.9,82.2,82.83,529719.0
2013-08-28,82.6,82.62,82.381,82.58,227140.0
2013-08-27,82.39,82.7,82.3601,82.65,211966.0
2013-08-26,82.44,82.49,82.2172,82.37,411799.0
2013-08-23,81.78,82.2999,81.7712,82.16,516150.0
2013-08-22,81.73,81.99,81.64,81.71,166661.0
2013-08-21,82.12,82.2658,81.81,81.85,225242.0
2013-08-20,82.1,82.299,82.0912,82.19,278329.0
2013-08-19,82.05,82.15,81.82,81.91,270757.0
2013-08-16,82.4,82.481,82.02,82.14,304418.0
2013-08-15,82.47,82.7299,82.3205,82.47,230233.0
2013-08-14,83.06,83.1799,82.88,82.99,246994.0
2013-08-13,83.22,83.3486,83.0,83.05,274549.0
2013-08-12,83.79,83.9798,83.56,83.6,171811.0
2013-08-09,83.53,83.96,83.53,83.79,206315.0
2013-08-08,83.8,83.9,83.755,83.76,169092.0
2013-08-07,83.49,83.72,83.46,83.46,264537.0
2013-08-06,83.6,83.65,83.41,83.65,266657.0
2013-08-05,83.7,83.705,83.435,83.61,146870.0
2013-08-02,83.4,83.73,83.4,83.73,237936.0
2013-08-01,83.48,83.5399,83.0521,83.3,432401.0
2013-07-31,83.24,83.81,83.12,83.71,388795.0
2013-07-30,84.06,84.08,83.74,83.9,578932.0
2013-07-29,83.98,84.0043,83.7532,83.97,463543.0
2013-07-26,83.82,84.18,83.79,84.16,605901.0
2013-07-25,83.51,83.91,83.39,83.88,440831.0
2013-07-24,83.8,83.9256,83.55,83.77,420137.0
2013-07-23,84.12,84.25,84.06,84.17,230240.0
2013-07-22,84.2,84.31,84.1298,84.21,155772.0
2013-07-19,83.88,84.14,83.83,84.07,237735.0
2013-07-18,84.0,84.02,83.74,83.82,230485.0
2013-07-17,83.94,84.12,83.8101,83.99,255732.0
2013-07-16,83.58,83.69,83.4901,83.59,268764.0
2013-07-15,83.36,83.59,83.36,83.55,306310.0
2013-07-12,83.67,83.688,83.17,83.31,289695.0
2013-07-11,83.2,83.5,83.14,83.45,265826.0
2013-07-10,82.77,82.9199,82.48,82.48,202178.0
2013-07-09,82.78,82.92,82.68,82.82,272589.0
2013-07-08,82.27,82.65,82.27,82.57,396307.0
2013-07-05,82.12,82.12,81.79,81.9,301253.0
2013-07-03,83.44,83.54,83.3201,83.39,122675.0
2013-07-02,83.23,83.49,83.23,83.4,173665.0
2013-07-01,83.21,83.372,83.05,83.37,501068.0
2013-06-28,82.97,83.1799,82.8,83.011,231714.0
2013-06-27,83.16,83.44,83.0121,83.35,270423.0
2013-06-26,82.71,83.0,82.51,82.9,1392239.0
2013-06-25,82.65,82.65,82.22,82.35,393897.0
2013-06-24,81.99,82.3696,81.7001,82.22,533834.0
2013-06-21,83.19,83.43,82.67,82.71,877409.0
2013-06-20,83.51,83.81,83.15,83.39,730059.0
2013-06-19,85.2,85.3,83.9,83.9699,425756.0
2013-06-18,85.07,85.29,85.03,85.22,234748.0
2013-06-17,85.55,85.5799,85.32,85.34,325838.0
2013-06-14,85.55,85.7799,85.36,85.38,455159.0
2013-06-13,84.99,85.4331,84.98,85.34,288858.0
2013-06-12,85.02,85.09,84.73,84.73,292400.0
2013-06-11,84.72,84.98,84.52,84.88,582783.0
2013-06-10,85.33,85.39,85.09,85.13,460269.0
2013-06-07,85.71,85.8399,85.4201,85.53,277528.0
2013-06-06,85.69,85.915,85.29,85.84,558067.0
2013-06-05,85.59,85.71,85.42,85.47,400245.0
2013-06-04,85.73,85.8586,85.58,85.72,615801.0
2013-06-03,85.64,86.1499,85.55,85.78,290723.0
2013-05-31,86.5,86.5495,85.67,85.81,857426.0
2013-05-30,86.67,86.7699,86.56,86.64,346640.0
2013-05-29,86.73,86.77,86.5,86.67,336233.0
2013-05-28,87.37,87.3895,86.702,86.74,371479.0
2013-05-24,87.55,87.61,87.36,87.36,184875.0
2013-05-23,87.64,87.64,87.28,87.45,211307.0
2013-05-22,88.07,88.2,87.3301,87.4,710835.0
2013-05-21,87.77,88.02,87.6701,87.93,388023.0
2013-05-20,88.0,88.0,87.7625,87.7799,208090.0
2013-05-17,88.05,88.06,87.78,87.87,626029.0
2013-05-16,87.97,88.22,87.82,88.09,717179.0
2013-05-15,87.76,87.8,87.57,87.72,703127.0
2013-05-14,87.9,87.98,87.61,87.61,621480.0
2013-05-13,87.81,87.95,87.8075,87.91,587662.0
2013-05-10,88.23,88.23,87.78,88.01,984909.0
2013-05-09,88.43,88.52,88.29,88.3499,479649.0
2013-05-08,88.43,88.4665,88.34,88.43,414356.0
2013-05-07,88.45,88.47,88.36,88.36,376216.0
2013-05-06,88.58,88.58,88.38,88.41,864755.0
2013-05-03,88.79,88.79,88.56,88.65,734842.0
2013-05-02,88.96,89.0,88.88,88.91,544708.0
2013-05-01,88.92,88.9999,88.81,88.92,654328.0
2013-04-30,88.9,88.9,88.66,88.73,481039.0
2013-04-29,88.98,89.01,88.92,88.98,656749.0
2013-04-26,88.89,88.99,88.81,88.97,316868.0
2013-04-25,88.7,88.75,88.6,88.75,316323.0
2013-04-24,88.61,88.75,88.6,88.75,210784.0
2013-04-23,88.67,88.74,88.5601,88.67,213184.0
2013-04-22,88.49,88.55,88.4354,88.53,226662.0
2013-04-19,88.47,88.5,88.3801,88.5,169729.0
2013-04-18,88.42,88.48,88.36,88.38,302547.0
2013-04-17,88.26,88.42,88.228,88.36,359351.0
2013-04-16,88.22,88.3099,88.2,88.28,187921.0
2013-04-15,88.24,88.28,88.0901,88.22,196099.0
2013-04-12,88.0,88.25,88.0,88.24,214791.0
2013-04-11,87.86,87.93,87.77,87.81,462095.0
2013-04-10,87.82,87.89,87.68,87.68,369545.0
2013-04-09,87.92,87.95,87.84,87.9,351049.0
2013-04-08,87.9,87.91,87.79,87.81,1735895.0
2013-04-05,87.75,87.92,87.6501,87.81,868652.0
2013-04-04,87.58,87.63,87.44,87.51,4694754.0
2013-04-03,87.37,87.53,87.3301,87.37,846561.0
2013-04-02,87.32,87.34,87.2,87.2,351121.0
2013-04-01,87.37,87.43,87.21,87.24,1437397.0
2013-03-28,87.45,87.48,87.31,87.37,308746.0
2013-03-27,87.62,87.72,87.56,87.69,662849.0
2013-03-26,87.36,87.49,87.29,87.43,570203.0
2013-03-25,87.35,87.5178,87.27,87.47,600593.0
2013-03-22,87.45,87.5,87.32,87.43,290901.0
2013-03-21,87.3,87.52,87.3,87.41,687673.0
2013-03-20,87.25,87.34,87.1,87.22,498633.0
2013-03-19,87.25,87.43,87.2001,87.35,200162.0
2013-03-18,87.27,87.3,87.1,87.3,183496.0
2013-03-15,86.83,87.1,86.82,87.05,198742.0
2013-03-14,86.73,87.17,86.72,87.17,299911.0
2013-03-13,86.95,86.95,86.76,86.82,531815.0
2013-03-12,86.93,86.98,86.813,86.93,207070.0
2013-03-11,86.78,86.8399,86.72,86.77,541377.0
2013-03-08,86.82,86.89,86.72,86.78,229387.0
2013-03-07,87.2,87.2,86.9804,87.09,270728.0
2013-03-06,87.26,87.35,87.18,87.24,224746.0
2013-03-05,87.4,87.45,87.26,87.38,171271.0
2013-03-04,87.4,87.42,87.28,87.37,304563.0
2013-03-01,87.39,87.46,87.27,87.46,243149.0
2013-02-28,87.3,87.3,87.12,87.27,163417.0
2013-02-27,87.67,87.67,87.34,87.37,158869.0
2013-02-26,87.33,87.5842,87.33,87.33,224831.0
2013-02-25,87.09,87.5198,86.99,87.33,280142.0
2013-02-22,87.07,87.1899,87.02,87.18,377719.0
2013-02-21,86.96,87.06,86.927,86.98,222618.0
2013-02-20,86.84,86.9799,86.7801,86.96,236001.0
2013-02-19,86.96,86.9865,86.8,86.84,257186.0
2013-02-15,86.99,86.99,86.7901,86.897,226589.0
2013-02-14,86.68,86.899,86.64,86.87,381659.0
2013-02-13,86.79,86.9364,86.72,86.74,403723.0
2013-02-12,86.88,87.03,86.868,87.0,268345.0
2013-02-11,87.07,87.13,86.962,87.09,169833.0
2013-02-08,86.92,87.1,86.8735,86.98,406278.0
2013-02-07,86.84,87.1,86.84,86.94,227134.0
2013-02-06,87.0,87.0,86.77,86.96,259877.0
2013-02-05,86.8,86.86,86.68,86.8,305240.0
2013-02-04,86.58,86.96,86.58,86.86,322097.0
2013-02-01,87.05,87.12,86.6,86.6,445486.0
2013-01-31,86.85,86.8768,86.69,86.84,240451.0
2013-01-30,87.05,87.08,86.851,87.05,493958.0
2013-01-29,87.1,87.24,87.03,87.09,653489.0
2013-01-28,87.1,87.25,87.05,87.13,336393.0
2013-01-25,87.54,87.5725,87.36,87.46,273313.0
2013-01-24,87.8,87.8198,87.62,87.78,334482.0
2013-01-23,87.82,87.82,87.6501,87.76,379680.0
2013-01-22,87.65,87.82,87.6,87.71,256072.0
2013-01-18,87.7,87.73,87.54,87.71,586576.0
2013-01-17,87.63,87.678,87.5,87.56,493144.0
2013-01-16,87.91,87.91,87.69,87.8,437274.0
2013-01-15,87.71,87.8,87.631,87.76,220133.0
2013-01-14,87.88,87.89,87.552,87.57,410869.0
2013-01-11,87.54,87.7299,87.52,87.68,519573.0
2013-01-10,87.53,87.71,87.52,87.62,382282.0
2013-01-09,87.93,87.994,87.73,87.86,376421.0
2013-01-08,87.78,87.934,87.7514,87.92,501849.0
2013-01-07,87.84,87.85,87.66,87.69,608305.0
2013-01-04,87.66,87.8399,87.58,87.82,1274441.0
2013-01-03,88.05,88.09,87.69,87.73,1151911.0
2013-01-02,88.03,88.12,87.788,88.09,2057488.0
2012-12-31,88.1,88.1212,87.66,87.66,629525.0
2012-12-28,87.98,88.19,87.93,88.19,389171.0
2012-12-27,87.85,87.85,87.5,87.8,238817.0
2012-12-26,87.62,87.88,87.62,87.86,143933.0
2012-12-24,87.74,87.76,87.59,87.6905,144908.0
2012-12-21,88.4,88.45,88.273,88.34,286420.0
2012-12-20,88.22,88.27,88.05,88.2,198131.0
2012-12-19,87.97,88.17,87.97,88.02,314333.0
2012-12-18,88.07,88.15,87.77,87.77,423243.0
2012-12-17,88.35,88.43,88.07,88.1299,270922.0
2012-12-14,88.41,88.49,88.35,88.49,227338.0
2012-12-13,88.32,88.43,88.3,88.32,296299.0
2012-12-12,88.69,88.72,88.37,88.41,484728.0
2012-12-11,88.65,88.71,88.57,88.61,371646.0
2012-12-10,88.64,88.6499,88.44,88.47,344545.0
2012-12-07,88.59,88.66,88.5,88.5,234780.0
2012-12-06,88.77,88.78,88.6701,88.71,212580.0
2012-12-05,88.61,88.712,88.5907,88.7,297334.0
2012-12-04,88.41,88.55,88.41,88.5426,175959.0
2012-12-03,88.3,88.4,88.2173,88.38,213444.0
2012-11-30,88.48,88.53,88.39,88.46,309735.0
2012-11-29,88.64,88.74,88.55,88.68,163291.0
2012-11-28,88.6,88.65,88.45,88.55,221858.0
2012-11-27,88.35,88.5,88.22,88.5,262860.0
2012-11-26,88.42,88.49,88.2,88.22,355589.0
2012-11-23,88.22,88.36,88.16,88.31,124402.0
2012-11-21,88.23,88.27,88.11,88.2,209202.0
2012-11-20,88.42,88.49,88.23,88.28,177129.0
2012-11-19,88.45,88.61,88.38,88.61,159922.0
2012-11-16,88.44,88.6,88.41,88.51,160554.0
2012-11-15,88.38,88.42,88.23,88.395,577237.0
2012-11-14,88.57,88.6099,88.4,88.42,445236.0
2012-11-13,88.7,88.726,88.43,88.61,337850.0
2012-11-12,88.35,88.6599,88.35,88.65,387636.0
2012-11-09,88.57,88.59,88.24,88.35,320258.0
2012-11-08,88.5,88.572,88.38,88.43,266380.0
2012-11-07,88.61,88.72,88.44,88.57,579757.0
2012-11-06,88.48,88.5594,88.23,88.25,179996.0
2012-11-05,88.73,88.74,88.59,88.6,343538.0
2012-11-02,88.61,88.65,88.27,88.6,179653.0
2012-11-01,88.87,88.88,88.71,88.825,251884.0
2012-10-31,88.55,88.866,88.44,88.7876,243114.0
2012-10-26,88.5,88.58,88.39,88.55,254106.0
2012-10-25,88.27,88.43,88.15,88.305,558858.0
2012-10-24,88.32,88.59,88.28,88.42,231818.0
2012-10-23,88.32,88.47,88.21,88.43,413699.0
2012-10-22,88.52,88.52,88.25,88.27,257183.0
2012-10-19,88.64,88.71,88.52,88.59,182982.0
2012-10-18,88.66,88.73,88.53,88.58,533677.0
2012-10-17,88.79,88.8,88.631,88.7,759736.0
2012-10-16,88.66,88.78,88.62,88.75,326451.0
2012-10-15,88.7,88.74,88.6,88.69,280313.0
2012-10-12,88.5,88.67,88.4,88.54,314811.0
2012-10-11,88.04,88.41,88.04,88.3618,182073.0
2012-10-10,87.98,88.26,87.92,88.26,151166.0
2012-10-09,88.02,88.13,87.97,88.08,161584.0
2012-10-08,87.99,88.11,87.9001,88.0848,233148.0
2012-10-05,88.02,88.0905,87.8901,87.96,319508.0
2012-10-04,88.12,88.2,88.0229,88.1,916805.0
2012-10-03,88.03,88.15,88.01,88.03,895119.0
2012-10-02,88.0,88.08,87.9,88.05,244970.0
2012-10-01,87.74,87.98,87.72,87.85,567000.0
2012-09-28,87.66,87.72,87.53,87.67,253422.0
2012-09-27,87.7,87.89,87.66,87.7,747394.0
2012-09-26,87.73,87.88,87.7,87.8,155889.0
2012-09-25,87.69,87.8,87.51,87.77,336089.0
2012-09-24,87.75,87.79,87.65,87.75,428459.0
2012-09-21,87.42,87.68,87.38,87.68,251151.0
2012-09-20,87.74,87.74,87.42,87.53,186752.0
2012-09-19,87.67,87.67,87.52,87.64,262549.0
2012-09-18,87.45,87.54,87.3,87.47,422714.0
2012-09-17,87.1,87.31,87.06,87.27,201519.0
2012-09-14,87.16,87.17,86.87,86.99,227703.0
2012-09-13,87.04,87.29,86.7,87.2,257408.0
2012-09-12,86.91,87.0,86.8601,86.9,329719.0
2012-09-11,87.02,87.13,86.88,87.07,338187.0
2012-09-10,86.98,87.1322,86.89,87.0,1026831.0
2012-09-07,87.24,87.26,86.94,86.94,537805.0
2012-09-06,86.88,86.88,86.56,86.76,1243327.0
2012-09-05,87.03,87.09,86.94,87.01,384535.0
2012-09-04,87.22,87.22,86.99,87.07,292643.0
2012-08-31,86.89,87.25,86.8,87.25,577414.0
2012-08-30,87.1,87.147,86.97,86.98,662155.0
2012-08-29,87.12,87.12,86.9001,87.09,710589.0
2012-08-28,87.01,87.112,86.9498,87.04,303578.0
2012-08-27,87.0,87.02,86.89,86.93,334549.0
2012-08-24,86.9,86.9395,86.75,86.81,323165.0
2012-08-23,86.88,86.9,86.76,86.8774,533806.0
2012-08-22,86.5,86.76,86.358,86.74,442298.0
2012-08-21,86.08,86.22,85.98,86.17,271798.0
2012-08-20,86.03,86.14,86.01,86.11,203810.0
2012-08-17,86.06,86.19,85.89,86.05,188341.0
2012-08-16,86.12,86.12,85.8401,85.9455,412863.0
2012-08-15,86.16,86.1999,85.9501,85.99,268716.0
2012-08-14,86.4,86.4,86.206,86.36,303342.0
2012-08-13,86.67,86.67,86.54,86.57,159618.0
2012-08-10,86.66,86.66,86.5,86.58,228945.0
2012-08-09,86.32,86.4293,86.11,86.38,278760.0
2012-08-08,86.43,86.5899,86.34,86.36,178685.0
2012-08-07,86.43,86.6586,86.38,86.43,354344.0
2012-08-06,86.89,86.99,86.79,86.89,756804.0
2012-08-03,86.74,86.76,86.45,86.6,169276.0
2012-08-02,86.93,87.0,86.61,86.62,236593.0
2012-08-01,86.9,87.09,86.73,86.86,264573.0
2012-07-31,87.05,87.05,86.816,86.98,327701.0
2012-07-30,86.78,86.98,86.674,86.96,199390.0
2012-07-27,86.85,86.85,86.4598,86.74,183703.0
2012-07-26,86.96,87.04,86.87,86.97,207332.0
2012-07-25,87.0,87.03,86.8901,87.03,164301.0
2012-07-24,86.78,87.0092,86.71,86.94,270198.0
2012-07-23,86.93,86.93,86.75,86.87,167387.0
2012-07-20,87.0,87.06,86.89,87.03,225692.0
2012-07-19,86.85,86.964,86.68,86.68,371334.0
2012-07-18,86.86,86.9,86.72,86.84,293672.0
2012-07-17,86.5,86.69,86.5,86.65,152580.0
2012-07-16,86.45,86.64,86.45,86.53,499844.0
2012-07-13,86.37,86.38,86.23,86.36,175005.0
2012-07-12,86.25,86.3495,86.08,86.34,229339.0
2012-07-11,86.29,86.29,86.04,86.21,246065.0
2012-07-10,86.05,86.12,85.985,86.08,159285.0
2012-07-09,86.0,86.1,85.95,86.09,174336.0
2012-07-06,85.99,86.05,85.8,86.01,289334.0
2012-07-05,85.74,85.85,85.7092,85.82,176766.0
2012-07-03,85.66,85.75,85.588,85.7,135510.0
2012-07-02,85.37,85.7199,85.33,85.66,454364.0
2012-06-29,85.09,85.22,85.0,85.21,236693.0
2012-06-28,85.36,85.41,85.28,85.3699,194823.0
2012-06-27,85.27,85.27,85.0863,85.19,180160.0
2012-06-26,85.2,85.27,85.11,85.1601,201162.0
2012-06-25,85.33,85.42,85.27,85.35,309064.0
2012-06-22,85.19,85.26,85.1126,85.22,259127.0
2012-06-21,85.32,85.469,85.21,85.3,221481.0
2012-06-20,85.01,85.19,84.86,85.14,184237.0
2012-06-19,85.18,85.18,84.93,85.09,203004.0
2012-06-18,85.13,85.16,84.96,85.16,125869.0
2012-06-15,84.97,85.1,84.9299,85.1,129307.0
2012-06-14,84.84,84.84,84.65,84.74,137535.0
2012-06-13,84.59,84.8,84.5,84.78,178192.0
2012-06-12,84.76,84.77,84.6,84.64,168031.0
2012-06-11,84.8,84.9799,84.74,84.9,149591.0
2012-06-08,84.88,84.96,84.67,84.73,151218.0
2012-06-07,84.5,84.62,84.454,84.55,142293.0
2012-06-06,84.5,84.6004,84.25,84.4354,287902.0
2012-06-05,84.51,84.67,84.45,84.57,213714.0
2012-06-04,84.9,84.9,84.65,84.7199,229690.0
2012-06-01,84.83,85.05,84.71,85.01,227722.0
2012-05-31,84.79,84.9225,84.64,84.83,229601.0
2012-05-30,84.7,84.859,84.65,84.84,223721.0
2012-05-29,84.51,84.599,84.39,84.39,94623.0
2012-05-25,84.35,84.49,84.26,84.46,175921.0
2012-05-24,84.18,84.24,84.0929,84.2,337536.0
2012-05-23,84.23,84.35,84.15,84.23,124016.0
2012-05-22,84.08,84.21,84.01,84.21,174052.0
2012-05-21,84.25,84.28,84.15,84.18,181547.0
2012-05-18,84.49,84.58,84.26,84.42,187111.0
2012-05-17,84.55,84.78,84.5,84.52,258383.0
2012-05-16,84.78,84.96,84.7,84.88,171650.0
2012-05-15,85.13,85.13,84.92,85.04,226776.0
2012-05-14,85.15,85.2,85.0,85.16,226862.0
2012-05-11,85.04,85.14,84.96,85.09,269942.0
2012-05-10,84.88,84.89,84.65,84.87,263116.0
2012-05-09,85.25,85.25,84.9,84.97,556808.0
2012-05-08,85.13,85.24,85.01,85.05,249644.0
2012-05-07,85.12,85.15,85.03,85.12,140811.0
2012-05-04,85.1,85.18,84.96,85.15,492187.0
2012-05-03,84.84,85.0,84.82,84.97,173014.0
2012-05-02,84.83,84.9336,84.79,84.93,188723.0
2012-05-01,84.99,84.99,84.6,84.77,280508.0
2012-04-30,84.73,84.79,84.6001,84.73,176598.0
2012-04-27,84.78,84.96,84.75,84.96,148763.0
2012-04-26,84.72,84.89,84.66,84.82,200494.0
2012-04-25,84.56,84.66,84.4,84.58,206063.0
2012-04-24,84.61,84.64,84.54,84.57,153330.0
2012-04-23,84.7,84.7,84.56,84.6,140532.0
2012-04-20,84.55,84.63,84.431,84.63,154874.0
2012-04-19,84.6,84.63,84.521,84.6,166523.0
2012-04-18,84.5,84.55,84.42,84.5,146047.0
2012-04-17,84.39,84.429,84.27,84.42,272503.0
2012-04-16,84.55,84.66,84.4501,84.51,209225.0
2012-04-13,84.45,84.5699,84.36,84.51,215026.0
2012-04-12,84.34,84.34,84.21,84.27,185205.0
2012-04-11,84.29,84.32,84.05,84.32,154328.0
2012-04-10,84.4,84.44,84.22,84.43,188538.0
2012-04-09,84.35,84.35,84.09,84.28,140843.0
2012-04-05,83.86,83.9,83.64,83.86,757631.0
2012-04-04,83.53,83.76,83.5,83.76,212407.0
2012-04-03,83.83,83.97,83.2705,83.36,127783.0
2012-04-02,83.89,83.98,83.57,83.66,751518.0
2012-03-30,84.15,84.15,83.67,83.75,188319.0
2012-03-29,84.3,84.36,84.2,84.36,120848.0
2012-03-28,84.19,84.3202,84.0108,84.13,154189.0
2012-03-27,83.8,84.252,83.8,84.22,372181.0
2012-03-26,83.99,83.99,83.6784,83.89,207427.0
2012-03-23,83.83,83.89,83.71,83.81,136750.0
2012-03-22,83.79,83.79,83.64,83.7,135188.0
2012-03-21,83.56,83.7199,83.43,83.7,111898.0
2012-03-20,83.18,83.56,83.02,83.35,189551.0
2012-03-19,83.75,83.77,83.44,83.53,1071144.0
2012-03-16,83.66,83.84,83.51,83.83,163615.0
2012-03-15,83.51,83.88,83.51,83.73,168463.0
2012-03-14,84.09,84.09,83.6,83.7,317655.0
2012-03-13,84.41,84.41,84.165,84.25,360297.0
2012-03-12,84.62,84.62,84.45,84.5,149248.0
2012-03-09,84.5,84.55,84.32,84.55,420793.0
2012-03-08,84.7,84.7,84.51,84.6,222404.0
2012-03-07,84.66,84.75,84.55,84.67,238304.0
2012-03-06,84.81,84.81,84.6,84.62,173443.0
2012-03-05,84.86,84.86,84.51,84.71,370777.0
2012-03-02,84.56,84.94,84.56,84.88,171136.0
2012-03-01,84.56,84.7,84.44,84.6346,160082.0
2012-02-29,84.95,84.95,84.55,84.6,213596.0
2012-02-28,84.9,85.071,84.9,84.93,268409.0
2012-02-27,84.91,84.92,84.7,84.76,156799.0
2012-02-24,84.58,84.58,84.3601,84.52,212507.0
2012-02-23,84.32,84.5,84.18,84.37,160731.0
2012-02-22,84.2,84.35,84.0,84.3499,144213.0
2012-02-21,84.18,84.18,83.92,84.05,217390.0
2012-02-17,84.0,84.19,83.96,84.19,127722.0
2012-02-16,84.3,84.32,83.92,84.09,235342.0
2012-02-15,84.48,84.58,84.34,84.43,191835.0
2012-02-14,84.3,84.43,84.21,84.32,217783.0
2012-02-13,84.22,84.43,84.2,84.34,339802.0
2012-02-10,84.33,84.42,84.167,84.33,187196.0
2012-02-09,84.28,84.28,83.91,84.13,229977.0
2012-02-08,84.12,84.299,84.11,84.23,213917.0
2012-02-07,84.37,84.37,84.14,84.2,1046867.0
2012-02-06,84.21,84.54,84.02,84.49,5260965.0
2012-02-03,84.15,84.33,83.88,84.33,131432.0
2012-02-02,84.2,84.33,83.98,84.33,160509.0
2012-02-01,84.33,84.33,83.9,84.18,247192.0
2012-01-31,84.01,84.27,83.8256,84.27,138793.0
2012-01-30,84.23,84.23,84.05,84.11,112552.0
2012-01-27,84.09,84.17,83.68,84.13,190173.0
2012-01-26,83.65,83.85,83.47,83.82,199728.0
2012-01-25,82.88,83.509,82.7295,83.3,145773.0
2012-01-24,82.81,82.89,82.65,82.89,129137.0
2012-01-23,82.8,82.95,82.71,82.8984,139060.0
2012-01-20,83.27,83.27,82.75,82.81,192441.0
2012-01-19,83.21,83.21,82.9,83.09,265540.0
2012-01-18,83.1,83.1292,82.9,83.01,288591.0
2012-01-17,82.9,83.03,82.862,83.01,198747.0
2012-01-13,82.6,82.91,82.6,82.77,133185.0
2012-01-12,82.76,82.76,82.42,82.63,413829.0
2012-01-11,82.8,82.8,82.5041,82.67,517822.0
2012-01-10,82.49,82.61,82.25,82.4778,129333.0
2012-01-09,82.47,82.68,82.326,82.42,250041.0
2012-01-06,82.27,82.37,82.1101,82.28,82427.0
2012-01-05,81.88,82.17,81.88,82.06,81406.0
2012-01-04,82.28,82.29,82.05,82.13,114106.0
2012-01-03,82.36,82.46,82.12,82.34,296020.0
2011-12-30,82.17,82.44,82.1,82.37,152886.0
2011-12-29,81.95,82.17,81.8102,82.08,82812.0
2011-12-28,81.88,82.01,81.52,81.96,66541.0
2011-12-27,81.52,81.739,81.41,81.71,44150.0
2011-12-23,82.15,82.15,81.335,81.39,135123.0
2011-12-22,82.1,82.2,81.734,82.11,117439.0
2011-12-21,81.95,81.95,81.67,81.76,99045.0
2011-12-20,82.13,82.14,81.8599,82.0,113587.0
2011-12-19,81.96,82.22,81.94,82.16,92666.0
2011-12-16,82.15,82.15,81.8301,81.99,124018.0
2011-12-15,81.79,81.924,81.71,81.91,95779.0
2011-12-14,81.78,81.96,81.682,81.94,281211.0
2011-12-13,81.39,81.78,81.25,81.74,101864.0
2011-12-12,81.52,81.52,81.2,81.21,53940.0
2011-12-09,81.61,81.61,81.1933,81.29,67940.0
2011-12-08,81.47,81.679,81.3,81.6,106187.0
2011-12-07,81.54,81.64,81.19,81.59,62740.0
2011-12-06,81.08,81.25,80.9001,81.036,104650.0
2011-12-05,81.11,81.5,81.11,81.46,88496.0
2011-12-02,80.76,81.15,80.51,81.14,124670.0
2011-12-01,81.0,81.0,80.18,80.57,114273.0
2011-11-30,80.66,80.72,80.35,80.64,92235.0
2011-11-29,80.76,80.845,80.488,80.69,78334.0
2011-11-28,80.51,80.92,80.44,80.89,51849.0
2011-11-25,81.0,81.0,80.52,80.73,39092.0
2011-11-23,80.95,81.02,80.75,80.89,76917.0
2011-11-22,81.28,81.33,81.01,81.3,93709.0
2011-11-21,81.59,81.59,81.17,81.294,91708.0
2011-11-18,81.66,81.69,81.35,81.48,78564.0
2011-11-17,82.0,82.0,81.51,81.63,132869.0
2011-11-16,82.17,82.26,82.021,82.25,60080.0
2011-11-15,82.26,82.37,82.02,82.14,62797.0
2011-11-14,82.35,82.5,82.11,82.28,117432.0
2011-11-11,82.28,82.36,82.1625,82.31,50346.0
2011-11-10,82.31,82.48,82.129,82.38,71806.0
2011-11-09,82.41,82.812,82.41,82.6548,68721.0
2011-11-08,82.77,82.99,82.447,82.539,62605.0
2011-11-07,82.67,82.99,82.44,82.78,41299.0
2011-11-04,82.59,82.77,82.46,82.71,145216.0
2011-11-03,82.68,82.83,82.45,82.75,86879.0
2011-11-02,82.68,82.98,82.6,82.98,57215.0
2011-11-01,81.8,82.855,81.8,82.855,75416.0
2011-10-31,82.2,82.49,82.0422,82.27,56143.0
2011-10-28,82.1,82.28,81.9528,82.21,70105.0
2011-10-27,82.45,82.45,81.76,82.0,66621.0
2011-10-26,82.27,82.4,82.0,82.16,148230.0
2011-10-25,81.89,82.41,81.75,82.3,98236.0
2011-10-24,81.78,81.83,81.53,81.83,116336.0
2011-10-21,81.57,81.69,81.36,81.66,58448.0
2011-10-20,81.24,81.43,81.09,81.28,61378.0
2011-10-19,81.17,81.34,80.93,81.31,98369.0
2011-10-18,80.65,81.03,80.64,80.99,120694.0
2011-10-17,80.59,80.7212,80.33,80.67,56645.0
2011-10-14,80.17,80.43,79.92,80.33,64229.0
2011-10-13,80.24,80.409,80.09,80.25,97455.0
2011-10-12,80.0,80.17,79.78,80.16,85491.0
2011-10-11,79.9,80.18,79.83,80.18,44037.0
2011-10-10,79.84,79.84,79.39,79.7077,39759.0
2011-10-07,80.03,80.13,79.71,79.9116,54811.0
2011-10-06,80.09,80.1,79.72,80.06,298786.0
2011-10-05,80.01,80.31,79.95,80.08,230809.0
2011-10-04,80.9,81.21,80.06,80.09,142505.0
2011-10-03,80.77,81.03,80.42,80.54,493063.0
2011-09-30,81.02,81.02,80.75,80.96,53757.0
2011-09-29,81.06,81.399,80.91,81.076,38643.0
2011-09-28,81.29,81.29,80.8703,81.159,55822.0
2011-09-27,81.09,81.502,81.04,81.41,228394.0
2011-09-26,81.5,81.71,81.38,81.49,207191.0
2011-09-23,82.15,82.25,81.57,81.85,152649.0
2011-09-22,82.4,82.47,82.07,82.45,54232.0
2011-09-21,82.44,82.6475,82.2,82.43,53436.0
2011-09-20,82.56,82.567,82.2825,82.49,60322.0
2011-09-19,82.37,82.48,82.14,82.4,58758.0
2011-09-16,82.05,82.21,81.75,82.15,40374.0
2011-09-15,82.0,82.116,81.75,82.08,60265.0
2011-09-14,82.5,82.562,82.19,82.46,170934.0
2011-09-13,82.52,82.52,82.1,82.45,68726.0
2011-09-12,82.67,82.9198,82.51,82.656,80571.0
2011-09-09,83.04,83.22,82.79,83.0,41678.0
2011-09-08,83.03,83.06,82.637,83.05,115627.0
2011-09-07,82.83,82.92,82.5,82.8,68537.0
2011-09-06,82.99,82.99,82.625,82.91,87026.0
2011-09-02,82.83,83.0,82.5918,82.91,59677.0
2011-09-01,82.32,82.72,82.03,82.72,36927.0
2011-08-31,82.63,82.67,82.252,82.32,137902.0
2011-08-30,82.27,82.48,82.1,82.36,50393.0
2011-08-29,81.68,81.91,81.5,81.86,171857.0
2011-08-26,81.65,81.89,81.59,81.84,45370.0
2011-08-25,81.37,81.8048,81.31,81.54,26206.0
2011-08-24,81.86,81.86,81.12,81.42,58155.0
2011-08-23,82.6,82.6,82.0,82.07,66298.0
2011-08-22,82.89,82.89,82.5,82.53,97523.0
2011-08-19,82.56,82.87,82.492,82.87,53855.0
2011-08-18,83.56,83.56,82.4,82.903,154918.0
2011-08-17,83.0,83.24,82.6272,83.23,85367.0
2011-08-16,82.85,82.85,82.28,82.69,50330.0
2011-08-15,84.67,84.67,82.5208,82.61,92012.0
2011-08-12,82.48,82.7925,82.2695,82.7,90663.0
2011-08-11,83.05,83.05,82.0,82.22,173216.0
2011-08-10,83.91,84.08,82.9,83.1,124650.0
2011-08-09,82.46,83.92,81.96,83.52,125400.0
2011-08-08,82.42,83.02,81.67,82.07,264428.0
2011-08-05,83.17,83.17,82.4,82.63,118996.0
2011-08-04,83.11,83.31,82.833,83.27,87030.0
2011-08-03,83.0,83.05,82.6428,82.84,188132.0
2011-08-02,82.7,82.825,82.4,82.78,70021.0
2011-08-01,82.26,82.531,82.113,82.45,232391.0
2011-07-29,81.84,82.1,81.5197,82.0084,43816.0
2011-07-28,81.4,81.67,81.4,81.66,37142.0
2011-07-27,81.24,81.59,81.15,81.346,32694.0
2011-07-26,81.16,81.68,81.16,81.64,44135.0
2011-07-25,81.14,81.47,81.12,81.32,180910.0
2011-07-22,81.57,81.57,81.314,81.399,34878.0
2011-07-21,81.41,81.4168,81.1152,81.25,68354.0
2011-07-20,81.47,81.85,81.46,81.52,32132.0
2011-07-19,81.47,81.74,81.345,81.74,46376.0
2011-07-18,81.67,81.67,81.35,81.39,43400.0
2011-07-15,81.5,81.599,81.32,81.5788,41517.0
2011-07-14,81.6,81.66,81.38,81.41,67671.0
2011-07-13,81.48,81.79,81.4,81.79,128756.0
2011-07-12,81.81,81.81,81.413,81.61,84808.0
2011-07-11,81.64,81.64,81.2835,81.61,77449.0
2011-07-08,81.36,81.36,81.03,81.29,182541.0
2011-07-07,80.57,80.78,80.473,80.76,157892.0
2011-07-06,81.14,81.14,80.6085,80.75,89043.0
2011-07-05,80.77,80.77,80.45,80.66,69977.0
2011-07-01,80.01,80.58,80.01,80.36,336252.0
2011-06-30,80.45,80.5056,79.89,80.2069,124611.0
2011-06-29,80.72,80.81,80.48,80.61,135885.0
2011-06-28,81.24,81.24,80.614,80.8,46913.0
2011-06-27,81.65,81.65,81.193,81.27,83461.0
2011-06-24,81.35,81.59,81.2,81.49,39786.0
2011-06-23,81.42,81.46,81.2143,81.32,44916.0
2011-06-22,81.42,81.42,80.98,81.13,27098.0
2011-06-21,80.86,81.22,80.86,81.14,44350.0
2011-06-20,81.47,81.47,81.0,81.14,46351.0
2011-06-17,81.23,81.31,81.1176,81.28,49812.0
2011-06-16,81.38,81.38,81.09,81.3,36138.0
2011-06-15,80.77,81.132,80.64,81.1,37931.0
2011-06-14,80.62,80.88,80.51,80.64,48975.0
2011-06-13,80.88,81.22,80.8601,81.01,40060.0
2011-06-10,81.33,81.43,81.09,81.15,58264.0
2011-06-09,81.55,81.55,81.06,81.11,43953.0
2011-06-08,81.41,81.493,81.336,81.4,118260.0
2011-06-07,81.61,81.61,80.97,81.34,65632.0
2011-06-06,81.112,81.25,81.0,81.2,111496.0
2011-06-03,81.13,81.4,81.0,81.24,42882.0
2011-06-02,81.59,81.59,81.05,81.11,74194.0
2011-06-01,81.16,81.64,81.16,81.64,56213.0
2011-05-31,81.3,81.3,80.9,81.09,55863.0
2011-05-27,81.4,82.0,81.164,81.35,50500.0
2011-05-26,81.26,81.34,81.12,81.32,33198.0
2011-05-25,81.19,81.19,80.8804,81.03,178435.0
2011-05-24,80.99,81.06,80.88,81.03,33815.0
2011-05-23,81.27,81.27,80.9192,80.987,51205.0
2011-05-20,81.04,81.04,80.7,80.96,56906.0
2011-05-19,80.65,80.98,80.5,80.96,35746.0
2011-05-18,81.28,81.28,80.77,80.8784,52763.0
2011-05-17,81.17,81.17,80.89,81.08,91807.0
2011-05-16,81.08,81.08,80.767,81.03,132002.0
2011-05-13,80.86,81.09,80.6629,81.0,63017.0
2011-05-12,80.83,80.83,80.45,80.64,221404.0
2011-05-11,80.5,80.8,80.466,80.78,46896.0
2011-05-10,81.02,81.02,80.594,80.63,46502.0
2011-05-09,80.91,81.0,80.87,80.96,71661.0
2011-05-06,80.73,80.968,80.59,80.87,129567.0
2011-05-05,80.74,80.8899,80.57,80.81,83988.0
2011-05-04,80.52,80.64,80.42,80.61,62031.0
2011-05-03,80.5,80.5,80.3022,80.42,39445.0
2011-05-02,80.61,80.61,80.2,80.33,114386.0
2011-04-29,80.11,80.31,80.0,80.3,79788.0
2011-04-28,80.36,80.4,80.2,80.32,71030.0
2011-04-27,80.15,80.2,79.9852,80.16,77872.0
2011-04-26,80.24,80.29,79.95,80.29,52098.0
2011-04-25,80.08,80.08,79.78,79.999,55276.0
2011-04-21,80.22,80.22,79.74,79.86,65241.0
2011-04-20,79.96,79.96,79.6738,79.78,50808.0
2011-04-19,80.0,80.0,79.705,79.9,57411.0
2011-04-18,80.11,80.11,79.24,79.67,37218.0
2011-04-15,79.5,79.62,79.302,79.6,35746.0
2011-04-14,79.42,79.42,79.116,79.14,25331.0
2011-04-13,79.12,79.43,79.0465,79.43,36261.0
2011-04-12,78.91,79.24,78.9,79.2,81344.0
2011-04-11,78.91,78.91,78.63,78.74,248395.0
2011-04-08,78.84,78.8472,78.65,78.78,33602.0
2011-04-07,79.01,79.01,78.7801,78.8799,41578.0
2011-04-06,79.11,79.13,78.91,78.96,167655.0
2011-04-05,79.35,79.35,78.85,79.05,129470.0
2011-04-04,79.43,79.43,79.12,79.28,29712.0
2011-04-01,78.79,79.1,78.7,79.09,25567.0
2011-03-31,79.44,79.44,78.88,78.92,37866.0
2011-03-30,79.27,79.39,79.12,79.38,43743.0
2011-03-29,79.33,79.3596,79.04,79.17,40807.0
2011-03-28,79.34,79.37,79.15,79.34,52532.0
2011-03-25,79.39,79.7099,79.19,79.33,42015.0
2011-03-24,79.71,79.71,79.4812,79.57,57705.0
2011-03-23,79.8,80.09,79.73,79.77,45279.0
2011-03-22,79.82,79.97,79.62,79.96,36331.0
2011-03-21,80.37,80.37,79.64,79.96,89250.0
2011-03-18,80.13,80.27,80.0,80.16,85761.0
2011-03-17,80.17,80.22,79.85,80.17,72282.0
2011-03-16,79.95,80.69,79.91,80.2002,72475.0
2011-03-15,80.09,80.09,79.61,79.74,29505.0
2011-03-14,80.06,80.06,79.68,79.81,21943.0
2011-03-11,79.85,79.85,79.41,79.68,46793.0
2011-03-10,79.5,79.72,79.12,79.69,52260.0
2011-03-09,79.17,79.39,78.972,79.28,21720.0
2011-03-08,79.04,79.08,78.79,78.93,85532.0
2011-03-07,79.02,79.27,78.799,79.06,42382.0
2011-03-04,78.82,79.23,78.82,79.2,32928.0
2011-03-03,79.02,79.02,78.711,78.82,38758.0
2011-03-02,79.13,79.46,79.101,79.19,30928.0
2011-03-01,79.29,79.41,79.05,79.41,39812.0
2011-02-28,79.52,79.52,79.19,79.3,50311.0
2011-02-25,79.03,79.52,79.03,79.52,57877.0
2011-02-24,79.4,79.45,79.0801,79.23,22463.0
2011-02-23,79.47,79.47,79.1179,79.19,37380.0
2011-02-22,79.52,79.52,79.0099,79.43,47546.0
2011-02-18,78.97,79.05,78.58,79.01,28482.0
2011-02-17,78.93,78.99,78.755,78.91,83188.0
2011-02-16,78.97,78.97,78.4299,78.68,31844.0
2011-02-15,78.69,78.69,78.36,78.6,29626.0
2011-02-14,78.49,78.544,78.338,78.3901,23612.0
2011-02-11,78.03,78.62,78.03,78.47,109158.0
2011-02-10,78.42,78.42,78.0125,78.04,69348.0
2011-02-09,78.49,78.49,77.9145,78.35,39537.0
2011-02-08,78.15,78.35,77.851,77.93,53839.0
2011-02-07,78.16,78.39,77.95,78.31,83646.0
2011-02-04,78.5,78.5,78.04,78.24,32587.0
2011-02-03,78.51,78.8299,78.51,78.56,53234.0
2011-02-02,79.31,79.31,78.7201,78.85,24710.0
2011-02-01,79.09,79.12,78.815,79.0,126629.0
2011-01-31,79.41,79.645,79.09,79.1,181498.0
2011-01-28,79.03,79.68,79.03,79.52,25653.0
2011-01-27,79.33,79.46,79.0401,79.41,45194.0
2011-01-26,79.43,79.43,79.02,79.16,34012.0
2011-01-25,78.8,79.56,78.8,79.49,86831.0
2011-01-24,79.37,79.37,78.98,79.19,48468.0
2011-01-21,78.76,79.19,78.74,79.1522,28617.0
2011-01-20,79.17,79.17,78.82,79.04,124900.0
2011-01-19,79.22,79.41,79.19,79.39,70072.0
2011-01-18,79.03,79.26,78.88,79.23,55142.0
2011-01-14,79.54,79.54,79.23,79.36,91215.0
2011-01-13,78.77,79.37,78.77,79.225,38503.0
2011-01-12,78.84,79.13,78.68,79.06,125321.0
2011-01-11,79.11,79.11,78.7,78.93,41548.0
2011-01-10,78.72,79.05,78.72,78.99,15866.0
2011-01-07,78.44,78.989,78.44,78.8,44356.0
2011-01-06,78.37,78.625,78.34,78.5,36387.0
2011-01-05,78.55,78.57,78.1,78.25,45622.0
2011-01-04,78.66,78.96,78.6,78.88,31806.0
2011-01-03,78.53,78.6836,78.1735,78.6299,53126.0
2010-12-31,78.55,78.74,78.519,78.684,16583.0
2010-12-30,78.11,78.4135,78.05,78.37,49431.0
2010-12-29,77.65,78.5558,77.65,78.412,51425.0
2010-12-28,77.97,78.39,77.65,77.7652,36342.0
2010-12-27,77.99,78.3899,77.8,78.3899,23228.0
2010-12-23,79.03,79.03,78.652,78.6869,16672.0
2010-12-22,78.88,79.0,78.752,78.98,53374.0
2010-12-21,79.27,79.27,78.683,78.96,33068.0
2010-12-20,79.46,79.46,78.77,78.82,25597.0
2010-12-17,78.37,79.019,78.37,78.902,25238.0
2010-12-16,78.21,78.35,77.765,78.3,40987.0
2010-12-15,78.2,78.53,77.7,77.82,30260.0
2010-12-14,78.4,78.58,77.979,78.0924,46751.0
2010-12-13,78.43,78.93,78.38,78.71,661346.0
2010-12-10,78.71,78.9199,78.6,78.6,162326.0
2010-12-09,78.8,79.29,78.79,78.95,90209.0
2010-12-08,79.03,79.2,78.54,78.845,96791.0
2010-12-07,80.16,80.16,79.41,79.53,64351.0
2010-12-06,80.59,80.59,80.18,80.21,318362.0
2010-12-03,80.28,80.45,79.86,79.96,49271.0
2010-12-02,80.0,80.291,79.93,80.04,40278.0
2010-12-01,80.5,80.5,80.0001,80.07,52326.0
2010-11-30,80.78,80.89,80.65,80.68,31523.0
2010-11-29,81.17,81.17,80.74,80.94,38926.0
2010-11-26,81.04,81.04,80.63,80.81,10269.0
2010-11-24,81.22,81.22,80.57,80.602,29339.0
2010-11-23,81.45,81.46,80.9501,81.109,32573.0
2010-11-22,80.93,81.139,80.705,81.13,24020.0
2010-11-19,80.61,80.73,80.445,80.55,40966.0
2010-11-18,80.17,80.65,80.13,80.65,37070.0
2010-11-17,80.51,80.92,80.45,80.62,36724.0
2010-11-16,80.25,80.45,80.0,80.42,40792.0
2010-11-15,80.77,81.28,80.17,80.17,66735.0
2010-11-12,81.75,81.8,81.11,81.2784,54301.0
2010-11-11,82.36,82.36,81.68,81.94,25591.0
2010-11-10,82.29,82.29,81.7701,82.19,36101.0
2010-11-09,82.62,82.62,82.07,82.1459,29367.0
2010-11-08,82.7,82.7,82.51,82.57,24030.0
2010-11-05,82.96,82.96,82.45,82.4701,61982.0
2010-11-04,82.7,82.88,82.53,82.88,60441.0
2010-11-03,82.61,82.61,81.8,81.95,279421.0
2010-11-02,82.02,82.24,82.02,82.15,31256.0
2010-11-01,82.53,82.53,81.984,82.05,30972.0
2010-10-29,82.01,82.112,81.8299,82.0932,19858.0
2010-10-28,81.93,82.14,81.8445,82.11,39152.0
2010-10-27,81.91,81.91,81.5,81.65,26637.0
2010-10-26,82.21,82.21,81.7701,81.93,63495.0
2010-10-25,82.2,82.44,82.15,82.16,50879.0
2010-10-22,82.09,82.24,82.06,82.21,28320.0
2010-10-21,82.35,82.35,82.0796,82.09,20759.0
2010-10-20,82.32,82.4887,82.1808,82.35,40003.0
2010-10-19,82.16,82.47,82.008,82.29,50352.0
2010-10-18,81.88,82.219,81.84,82.21,37844.0
2010-10-15,82.13,82.13,81.61,81.84,70195.0
2010-10-14,82.58,82.58,82.02,82.08,87448.0
2010-10-13,82.37,82.61,82.3,82.568,144555.0
2010-10-12,82.7,82.774,82.43,82.479,56989.0
2010-10-11,82.41,82.8,82.41,82.8,182914.0
2010-10-08,82.99,82.99,82.6,82.71,40540.0
2010-10-07,82.74,82.78,82.5,82.574,114334.0
2010-10-06,82.73,82.75,82.379,82.58,297049.0
2010-10-05,82.03,82.21,81.89,82.15,49512.0
2010-10-04,81.93,82.01,81.812,81.93,49608.0
2010-10-01,81.5,81.88,81.48,81.82,15775.0
2010-09-30,81.7,81.754,81.22,81.74,75830.0
2010-09-29,82.07,82.07,81.81,81.93,34059.0
2010-09-28,81.81,82.06,81.671,81.95,42149.0
2010-09-27,81.58,81.7776,81.42,81.6,130069.0
2010-09-24,81.47,81.47,81.14,81.202,42030.0
2010-09-23,81.73,81.73,81.36,81.51,35436.0
2010-09-22,81.67,81.7,81.318,81.51,25547.0
2010-09-21,81.11,81.41,80.91,81.2755,93037.0
2010-09-20,80.55,80.97,80.55,80.88,113176.0
2010-09-17,80.682,80.82,80.6,80.73,35782.0
2010-09-16,80.75,80.75,80.5,80.56,452876.0
2010-09-15,80.86,81.0,80.62,80.74,53480.0
2010-09-14,80.74,80.98,80.545,80.97,23262.0
2010-09-13,80.31,80.61,80.095,80.59,38978.0
2010-09-10,80.42,80.42,79.8682,80.17,22160.0
2010-09-09,80.5,80.59,80.26,80.32,27394.0
2010-09-08,80.68,80.84,80.6,80.74,27884.0
2010-09-07,80.76,80.89,80.46,80.88,28954.0
2010-09-03,80.35,80.412,79.84,79.88,139827.0
2010-09-02,80.68,80.77,80.51,80.74,38190.0
2010-09-01,81.1,81.1,80.48,80.85,46096.0
2010-08-31,81.29,81.29,80.9216,81.12,19794.0
2010-08-30,81.01,81.239,80.7425,81.15,44508.0
2010-08-27,81.3,81.3,80.6,80.65,31596.0
2010-08-26,81.27,81.43,81.1001,81.4299,41729.0
2010-08-25,81.71,81.71,81.05,81.3,48516.0
2010-08-24,81.46,81.61,81.3,81.43,37988.0
2010-08-23,81.11,81.21,81.0,81.21,15811.0
2010-08-20,81.26,81.29,81.0057,81.07,53487.0
2010-08-19,80.97,81.3085,80.88,81.24,40333.0
2010-08-18,81.2,81.2,80.84,81.01,37862.0
2010-08-17,81.19,81.19,80.72,80.95,38923.0
2010-08-16,81.16,81.22,80.87,81.2,30316.0
2010-08-13,80.19,80.7,80.19,80.7,38601.0
2010-08-12,80.59,80.59,80.31,80.37,40273.0
2010-08-11,80.58,80.7,80.51,80.7,54543.0
2010-08-10,80.27,80.58,80.02,80.57,33854.0
2010-08-09,80.2,80.295,80.02,80.02,28079.0
2010-08-06,80.23,80.27,79.9201,80.25,46566.0
2010-08-05,79.53,79.96,79.53,79.85,51519.0
2010-08-04,79.8,79.9499,79.542,79.55,54774.0
2010-08-03,79.85,79.94,79.69,79.8,134541.0
2010-08-02,79.81,79.84,79.6,79.71,116607.0
2010-07-30,79.69,79.87,79.445,79.85,36456.0
2010-07-29,79.52,79.76,79.3401,79.67,40781.0
2010-07-28,79.66,79.66,79.22,79.53,28110.0
2010-07-27,79.39,79.39,79.05,79.3,44777.0
2010-07-26,79.3,79.38,79.0,79.31,18620.0
2010-07-23,79.36,79.41,79.14,79.19,24060.0
2010-07-22,79.49,79.49,79.0,79.41,38580.0
2010-07-21,79.32,79.5425,79.09,79.54,58926.0
2010-07-20,79.26,79.33,79.02,79.02,29160.0
2010-07-19,79.24,79.27,79.0271,79.1,50026.0
2010-07-16,79.04,79.26,79.0186,79.14,23999.0
2010-07-15,78.75,78.94,78.6642,78.84,39214.0
2010-07-14,78.53,78.63,78.205,78.61,31051.0
2010-07-13,78.33,78.33,78.04,78.2,35469.0
2010-07-12,78.17,78.2636,78.058,78.147,28915.0
2010-07-09,78.17,78.17,77.9101,78.1,31043.0
2010-07-08,78.13,78.1799,78.0,78.14,44568.0
2010-07-07,78.36,78.37,78.12,78.235,41213.0
2010-07-06,77.79,78.3416,77.79,78.295,20536.0
2010-07-02,78.12,78.12,77.82,77.98,27185.0
2010-07-01,78.31,78.43,78.14,78.18,20434.0
2010-06-30,78.2,78.22,77.9,78.2045,21241.0
2010-06-29,78.35,78.4,78.114,78.38,25187.0
2010-06-28,78.13,78.27,77.945,78.27,21035.0
2010-06-25,77.64,77.88,77.59,77.8,34120.0
2010-06-24,77.72,77.864,77.4,77.67,43350.0
2010-06-23,77.31,77.88,77.31,77.8,32056.0
2010-06-22,77.27,77.45,77.05,77.4,25320.0
2010-06-21,77.03,77.19,76.8115,77.17,29900.0
2010-06-18,77.15,77.19,77.046,77.05,29889.0
2010-06-17,77.05,77.26,76.895,77.075,25059.0
2010-06-16,76.72,76.8,76.488,76.671,37763.0
2010-06-15,76.75,76.75,76.3936,76.51,16562.0
2010-06-14,76.69,76.69,76.3,76.64,21779.0
2010-06-11,76.68,76.86,76.31,76.73,56700.0
2010-06-10,76.78,76.88,76.2499,76.25,22850.0
2010-06-09,77.15,77.15,76.6995,77.0,53163.0
2010-06-08,77.41,77.41,77.0,77.149,54619.0
2010-06-07,77.0,77.36,76.925,77.33,24010.0
2010-06-04,77.34,77.34,76.2,76.76,59549.0
2010-06-03,76.25,76.57,76.17,76.37,53689.0
2010-06-02,76.76,76.76,76.4425,76.485,14231.0
2010-06-01,77.47,77.47,76.55,76.76,14471.0
2010-05-28,76.78,76.78,76.4576,76.71,22814.0
2010-05-27,77.01,77.01,76.62,76.775,29535.0
2010-05-26,77.31,77.42,77.0,77.35,30876.0
2010-05-25,77.71,77.71,77.3326,77.45,67249.0
2010-05-24,77.69,77.75,77.34,77.531,16778.0
2010-05-21,77.7,77.7,77.1,77.39,106550.0
2010-05-20,77.7,77.7,77.044,77.3,43771.0
2010-05-19,77.63,77.67,77.3,77.4,31699.0
2010-05-18,77.16,77.4015,77.05,77.29,25038.0
2010-05-17,77.52,77.52,77.0,77.07,28227.0
2010-05-14,77.35,77.53,77.09,77.2384,29422.0
2010-05-13,77.11,77.21,76.8936,77.146,25276.0
2010-05-12,77.03,77.27,76.915,77.154,29697.0
2010-05-11,77.28,77.28,76.77,77.1076,11582.0
2010-05-10,77.77,77.77,76.5,76.92,19993.0
2010-05-07,77.56,77.76,76.644,76.9,39399.0
2010-05-06,77.32,77.395,76.6401,76.6401,23815.0
2010-05-05,77.62,77.62,76.762,77.11,51704.0
2010-05-04,77.4,77.48,77.17,77.45,41689.0
2010-05-03,77.21,77.24,76.861,77.06,25646.0
2010-04-30,77.09,77.23,76.911,77.22,21696.0
2010-04-29,77.17,77.25,77.04,77.2,33870.0
2010-04-28,77.19,77.385,77.018,77.078,11821.0
2010-04-27,77.39,77.39,76.9809,77.34,10645.0
2010-04-26,77.23,77.23,76.94,77.01,35703.0
2010-04-23,77.06,77.06,76.723,77.03,33609.0
2010-04-22,77.61,77.61,77.0,77.12,45057.0
2010-04-21,76.91,77.3,76.91,77.28,18261.0
2010-04-20,77.0,77.05,76.896,77.05,27382.0
2010-04-19,77.05,77.0999,76.9,76.96,22474.0
2010-04-16,76.97,77.1625,76.858,77.0,25626.0
2010-04-15,76.3,76.9,76.3,76.89,36914.0
2010-04-14,76.95,76.95,76.5301,76.63,29667.0
2010-04-13,76.83,76.83,76.524,76.65,25806.0
2010-04-12,76.54,76.59,76.175,76.57,15761.0
2010-04-09,76.2,76.33,75.94,76.16,22463.0
2010-04-08,76.53,76.53,76.027,76.26,17895.0
2010-04-07,76.0,76.41,75.795,76.4099,12875.0
2010-04-06,75.48,75.95,75.48,75.92,34675.0
2010-04-05,75.86,75.86,75.51,75.64,45439.0
2010-04-01,76.19,76.279,76.104,76.21,17585.0
2010-03-31,76.37,76.37,76.01,76.25,24053.0
2010-03-30,76.32,76.39,76.04,76.346,19422.0
2010-03-29,76.4,76.5,76.25,76.38,60855.0
2010-03-26,76.2,76.42,76.2,76.4,29631.0
2010-03-25,76.34,76.38,75.74,76.2,33196.0
2010-03-24,76.78,76.78,76.3285,76.35,36704.0
2010-03-23,77.24,77.24,76.9999,76.9999,26308.0
2010-03-22,77.19,77.21,76.86,76.98,50007.0
2010-03-19,76.9,77.04,76.76,76.88,11178.0
2010-03-18,77.0,77.1499,76.925,77.01,22846.0
2010-03-17,77.06,77.199,76.936,77.09,12481.0
2010-03-16,76.75,77.028,76.71,76.85,29239.0
2010-03-15,76.54,76.64,76.396,76.58,32563.0
2010-03-12,76.48,76.64,76.3,76.58,11662.0
2010-03-11,76.59,76.59,76.23,76.35,38910.0
2010-03-10,76.38,76.53,76.357,76.53,31757.0
2010-03-09,76.52,76.52,76.27,76.475,23078.0
2010-03-08,76.46,76.46,76.15,76.32,16364.0
2010-03-05,76.47,76.47,76.17,76.235,20163.0
2010-03-04,76.32,76.46,76.21,76.43,30139.0
2010-03-03,76.29,76.33,76.2,76.33,29676.0
2010-03-02,75.91,76.27,75.91,76.25,13501.0
2010-03-01,76.14,76.19,76.0,76.14,23717.0
2010-02-26,76.18,76.2,75.83,76.08,25073.0
2010-02-25,75.83,76.15,75.83,76.05,26432.0
2010-02-24,75.93,76.06,75.7923,75.96,11611.0
2010-02-23,75.67,75.91,75.4,75.9,13697.0
2010-02-22,75.51,75.53,75.4,75.41,21203.0
2010-02-19,75.27,75.4244,75.06,75.28,18523.0
2010-02-18,75.41,75.41,75.06,75.1,39910.0
2010-02-17,75.29,75.37,75.07,75.29,25577.0
2010-02-16,75.29,75.6,75.29,75.58,25892.0
2010-02-12,76.08,76.08,75.385,75.42,10268.0
2010-02-11,75.47,75.56,75.12,75.37,29391.0
2010-02-10,75.74,75.8,75.41,75.44,26715.0
2010-02-09,75.95,76.14,75.81,75.83,65287.0
2010-02-08,76.14,76.14,75.728,75.99,147866.0
2010-02-05,76.19,76.19,75.928,76.02,18615.0
2010-02-04,75.82,76.04,75.61,76.04,20804.0
2010-02-03,75.83,75.85,75.5,75.708,17290.0
2010-02-02,75.9,75.95,75.8101,75.93,22918.0
2010-02-01,76.06,76.06,75.8594,75.89,12653.0
2010-01-29,76.13,76.13,75.65,75.96,11521.0
2010-01-28,75.8,76.135,75.777,75.87,37580.0
2010-01-27,76.27,80.6,75.9199,75.93,27454.0
2010-01-26,76.22,76.24,75.8,76.1,33670.0
2010-01-25,76.2,76.3,76.2,76.25,21703.0
2010-01-22,76.27,76.42,76.25,76.41,17757.0
2010-01-21,76.07,76.5699,76.07,76.32,15231.0
2010-01-20,76.48,76.48,76.026,76.08,20884.0
2010-01-19,76.48,76.48,75.869,76.04,87198.0
2010-01-15,76.2,76.29,76.19,76.21,45490.0
2010-01-14,76.01,76.13,75.93,76.1,37320.0
2010-01-13,76.2,76.26,75.911,75.94,34942.0
2010-01-12,76.56,76.56,76.05,76.1699,8840.0
2010-01-11,75.94,75.95,75.71,75.795,22739.0
2010-01-08,75.76,75.955,75.6,75.82,28382.0
2010-01-07,75.8,75.855,75.57,75.74,8879.0
2010-01-06,75.8,75.82,75.5001,75.5001,15024.0
2010-01-05,75.38,75.675,75.35,75.66,58267.0
2010-01-04,75.21,75.21,74.9,75.16,82915.0
2009-12-31,74.73,74.92,74.625,74.89,107788.0
2009-12-30,74.99,75.0,74.76,74.88,21775.0
2009-12-29,74.795,74.8,74.1,74.78,17022.0
2009-12-28,74.84,74.84,74.54,74.54,14630.0
2009-12-24,75.0,75.06,74.914,74.914,7033.0
2009-12-23,75.58,75.6,75.35,75.43,5355.0
2009-12-22,75.32,75.38,75.317,75.37,7337.0
2009-12-21,75.9199,75.92,75.458,75.527,16634.0
2009-12-18,76.06,76.1,75.93,75.95,6422.0
2009-12-17,76.41,76.41,75.78,76.02,10087.0
2009-12-16,76.22,76.22,75.7,75.87,29705.0
2009-12-15,75.61,75.7,75.45,75.64,28574.0
2009-12-14,75.58,75.73,75.54,75.646,11625.0
2009-12-11,75.67,75.78,75.38,75.56,7307.0
2009-12-10,75.565,75.78,75.5,75.76,5201.0
2009-12-09,75.96,75.96,75.61,75.7,6312.0
2009-12-08,75.87,76.0,75.66,75.766,28524.0
2009-12-07,75.5,75.56,75.49,75.55,6090.0
2009-12-04,75.42,75.466,75.29,75.4,9185.0
2009-12-03,75.6,75.69,75.472,75.69,51094.0
2009-12-02,75.68,75.688,75.6,75.6,1942.0
2009-12-01,75.88,75.968,75.67,75.67,9743.0
2009-11-30,75.71,75.94,75.71,75.94,8386.0
2009-11-27,76.44,76.44,75.6803,75.73,1870.0
2009-11-25,75.472,75.74,75.361,75.6,6015.0
2009-11-24,75.43,75.5,75.3,75.5,5000.0
2009-11-23,75.04,75.16,75.04,75.16,2334.0
